3
8
70 107 51 212 29 138 42 197 242 175 206 67 207 222 253 83 247 90 134 16 9 229 179 100 147 164 92 77 246 245 120 38 98 159 132 144 136 36 220 79 223 124 115 104 105 121 85 234 3 50 41 139 35 166 232 252 6 112 171 151 0 196 162 201 125 18 190 141 114 96 199 113 143 204 208 218 37 82 130 168 65 200 173 255 181 215 95 127 224 150 17 155 205 52 133 174 249 163 1 19 187 158 21 135 148 203 48 69 243 15 236 140 55 227 47 145 176 185 153 167 102 53 195 89 25 216 238 101 231 142 152 56 43 74 106 78 230 250 214 68 87 7 149 99 225 228 126 91 26 169 59 93 123 4 75 109 154 76 186 45 146 10 183 180 117 80 128 11 119 22 211 108 240 118 213 111 81 23 189 122 194 210 226 61 160 248 221 33 40 198 165 71 178 137 60 188 129 254 54 63 57 39 172 244 14 8 20 86 73 217 161 28 235 62 193 237 239 30 66 5 44 24 84 191 241 110 209 170 32 13 184 49 156 97 251 182 27 131 12 88 116 2 157 219 64 31 46 177 94 233 34 192 202 72 103 58
15 80 65 64 182 71 50 228 97 154 250 217 201 120 51 78 81 57 220 255 178 11 200 190 38 238 85 202 237 169 76 49 37 181 248 177 241 73 14 17 117 221 105 39 69 107 204 218 118 246 129 29 55 77 205 116 121 94 213 227 148 79 35 136 109 141 219 45 108 191 162 123 196 245 8 144 147 2 83 114 62 138 149 98 36 131 188 60 210 127 47 207 87 125 82 26 159 95 58 203 23 167 0 34 193 158 222 229 172 111 100 170 63 186 104 171 224 19 31 66 184 88 72 145 20 244 133 132 187 68 197 194 212 25 46 135 168 1 28 236 91 249 6 130 232 67 53 152 96 102 43 251 13 195 124 173 61 54 163 21 215 233 5 84 153 209 164 126 140 235 254 32 40 119 99 211 243 146 174 106 56 86 134 18 139 30 176 16 234 24 199 230 3 122 90 103 192 183 198 12 156 22 27 179 89 247 242 142 9 160 59 115 175 113 165 75 151 155 10 41 42 93 223 33 7 110 216 137 225 44 185 206 128 214 52 48 239 101 157 166 208 252 226 74 70 253 189 161 112 231 180 92 240 4 143 150
8
90 54 237 4 0 184 88 242 73 151 180 67 36 226 155 48 116 124 31 92 171 7 87 215 112 53 142 144 101 50 51 13 119 152 137 39 33 148 108 214 135 173 120 78 141 21 216 16 102 217 241 168 28 156 147 245 154 205 240 44 175 99 243 218 97 126 26 187 239 236 138 183 176 207 238 8 165 132 17 246 60 37 103 20 131 121 177 230 128 68 69 254 125 169 222 52 203 178 66 34 3 162 6 110 212 62 255 32 29 19 174 252 47 251 45 10 182 105 91 139 198 186 158 153 146 163 232 211 9 196 157 118 70 224 30 61 134 200 164 161 248 27 25 55 86 106 225 83 209 117 43 58 59 249 96 159 113 49 71 57 206 82 190 189 42 221 201 38 194 149 140 143 81 133 89 220 202 100 179 74 75 229 18 127 63 253 98 233 130 223 122 160 2 93 64 234 56 95 22 80 65 181 170 250 1 192 167 231 41 219 244 247 210 228 208 84 12 145 136 166 172 204 197 46 114 11 85 104 76 111 94 23 227 107 235 79 77 24 193 115 40 14 195 188 35 185 129 109 213 191 72 150 199 15 5 123
208 79 138 180 135 60 206 16 155 243 103 80 127 199 140 224 197 124 143 52 21 101 223 182 198 221 207 225 39 141 122 250 173 136 214 95 192 165 249 13 117 107 187 244 96 255 24 168 154 91 131 88 238 251 134 167 191 241 78 219 188 86 150 193 23 220 92 203 147 33 172 94 126 97 0 209 85 239 81 200 130 43 65 31 42 121 229 212 159 146 108 34 76 11 45 240 38 204 40 145 217 120 194 216 128 230 179 125 164 90 171 132 195 237 254 109 63 148 104 211 75 170 26 153 18 74 105 48 137 210 64 51 106 152 89 196 149 142 6 35 205 113 226 213 1 20 156 30 112 174 84 175 2 186 118 242 176 14 22 161 252 98 82 123 12 25 61 116 62 144 181 28 8 248 119 58 184 129 57 215 111 185 5 102 100 110 87 47 56 27 83 189 158 49 66 71 151 41 15 177 19 139 133 166 235 160 68 32 246 3 59 227 253 9 44 69 29 70 190 157 231 162 232 245 17 37 53 72 233 234 46 222 55 4 228 218 247 10 163 178 54 183 7 115 67 73 50 169 99 77 202 36 93 236 201 114
8
234 247 240 150 158 188 193 10 133 222 169 112 82 129 118 86 230 34 145 53 152 31 219 212 196 252 14 161 157 23 109 206 43 210 209 91 205 233 89 186 208 20 46 55 125 62 60 79 143 235 140 64 17 88 241 203 40 211 4 99 16 61 120 30 165 174 146 218 159 108 131 113 24 139 192 42 160 180 15 85 119 151 104 126 225 0 244 171 63 187 65 92 176 39 100 48 223 201 6 67 153 253 248 229 128 147 74 190 216 227 142 155 84 207 7 170 167 254 50 57 70 199 44 105 8 33 110 2 194 127 12 173 83 103 242 130 66 250 1 214 37 107 36 13 175 73 5 228 28 71 25 232 26 182 52 198 166 177 51 164 32 90 122 56 29 191 168 238 80 22 220 35 243 178 134 11 239 114 106 156 149 87 54 231 132 221 255 101 116 21 45 27 195 47 148 144 249 38 197 78 251 202 18 58 246 41 172 59 163 224 154 98 9 49 184 97 181 117 135 102 93 3 245 111 95 162 124 72 138 136 123 96 189 213 179 185 217 215 137 19 115 204 69 141 77 237 75 183 81 121 94 68 76 236 226 200
254 188 224 170 248 168 38 105 187 70 128 28 173 80 169 243 3 47 45 91 122 179 31 253 230 245 151 246 109 55 171 157 161 73 155 93 68 252 22 153 148 116 25 81 181 239 135 124 182 40 5 178 98 127 162 129 209 16 250 110 113 0 126 146 75 83 6 118 220 249 90 121 8 223 94 18 10 207 141 174 235 2 208 213 219 24 244 204 87 156 150 147 198 102 23 134 184 39 172 214 191 203 255 216 158 130 36 50 199 215 145 114 48 119 14 65 42 154 57 64 164 201 229 212 9 100 206 117 197 52 177 30 97 72 96 106 108 29 11 15 160 86 133 149 66 37 194 61 21 144 33 131 236 67 159 101 132 183 79 140 205 202 200 43 78 82 176 251 167 34 175 142 195 49 115 58 238 186 180 32 221 217 247 185 107 165 71 17 56 95 111 232 99 74 76 63 218 103 125 136 196 12 210 139 104 242 123 53 13 190 7 152 163 1 240 4 35 241 166 19 234 137 231 77 227 92 62 233 192 26 226 69 228 138 51 225 193 189 44 41 54 59 89 60 85 237 211 112 120 27 84 143 88 46 20 222
