3000
9 291
9 364
4 4
1 1
4 12
12 2552
11 1536
11 904
7 108
12 1310
1 0
2 1
12 3920
8 220
2 0
2 0
9 21
2 2
5 30
11 597
8 32
1 0
7 95
9 10
11 1579
10 681
6 39
12 3398
7 81
10 193
9 397
10 791
2 1
8 43
1 0
1 0
9 29
10 378
7 31
1 1
12 2785
1 1
6 44
12 3264
1 1
12 3006
8 27
2 0
12 1868
1 0
7 24
4 6
4 0
1 1
4 11
11 1906
3 0
9 286
1 1
12 1859
6 34
9 363
12 1332
12 498
5 31
6 31
12 2238
11 1551
9 227
2 0
12 1997
8 104
9 330
4 11
7 126
8 92
2 1
9 34
2 3
9 177
9 109
4 11
12 1381
8 56
11 434
7 120
12 883
4 8
12 504
1 1
1 1
2 1
8 162
3 4
2 3
10 990
6 27
9 347
5 21
11 928
7 71
6 32
4 0
2 2
11 279
8 229
5 5
5 11
2 1
6 51
12 2987
3 0
12 1759
4 8
9 123
12 1586
5 7
3 1
3 2
4 3
10 193
6 57
6 32
7 100
7 27
9 314
6 14
12 2136
10 151
10 1006
4 7
1 0
12 3133
7 71
5 8
4 1
4 3
5 24
11 1280
9 205
3 4
10 63
4 5
3 1
1 0
10 770
2 2
12 376
2 0
1 0
12 3218
11 1434
1 0
7 6
10 307
3 7
12 593
4 5
3 4
12 3017
5 19
3 6
8 62
4 11
6 3
7 60
8 208
9 368
11 2041
8 93
8 199
10 212
11 39
2 0
5 1
12 3200
2 1
8 78
6 48
3 4
2 0
9 472
1 1
12 1137
3 7
2 0
3 7
1 1
3 5
5 27
9 182
4 5
6 53
11 1158
4 0
12 562
2 3
5 3
2 3
4 5
7 59
1 0
4 14
12 2192
2 2
6 49
4 1
10 930
5 29
6 16
8 94
5 25
12 575
7 117
7 112
10 105
10 699
4 15
7 2
11 1699
6 29
11 445
9 223
7 108
2 3
5 28
11 1237
4 14
1 1
10 1021
12 648
6 1
8 38
5 17
8 102
10 879
11 52
7 1
3 4
3 7
3 6
6 30
9 256
10 420
4 9
2 1
1 1
12 2754
7 2
12 1118
2 2
5 19
6 12
8 34
4 15
2 2
3 7
10 334
3 7
9 181
1 0
3 3
5 28
10 640
7 56
6 33
9 500
7 48
5 22
4 3
5 29
12 1230
1 1
12 1293
9 287
1 0
4 9
2 1
4 15
12 2316
12 3494
9 444
7 103
8 173
12 2705
2 0
1 0
2 0
7 41
4 4
9 133
6 20
2 2
1 0
10 541
5 29
12 1017
12 829
5 7
2 2
5 20
9 84
3 2
11 678
1 1
8 145
11 1731
5 3
1 0
9 408
7 8
2 3
4 1
12 1394
4 14
6 60
9 345
9 217
3 3
8 90
4 7
7 114
6 34
5 7
2 2
5 11
12 3807
11 251
10 296
8 230
1 1
1 1
3 3
2 1
5 12
11 32
9 363
9 136
11 567
6 37
8 183
2 3
10 103
5 30
8 8
7 3
11 1223
9 376
9 341
5 23
8 143
10 665
6 33
10 464
11 1191
12 1241
9 276
7 103
6 16
2 0
12 1997
4 12
9 464
9 387
1 0
3 5
4 11
4 5
8 132
11 1796
5 17
10 908
9 118
11 1819
8 55
1 0
11 543
8 247
12 2718
3 5
8 222
4 0
2 1
8 54
9 423
2 3
3 7
6 56
6 51
2 1
9 90
6 0
10 875
9 488
7 68
7 27
4 6
11 481
9 240
8 233
11 465
2 1
6 32
1 1
9 47
9 203
2 3
3 3
10 768
1 0
6 53
3 2
5 0
6 8
10 672
2 1
12 1996
7 119
7 33
1 0
5 6
9 208
7 11
5 29
10 711
3 6
3 7
12 4053
2 1
6 55
9 438
6 47
2 0
5 14
7 39
2 1
10 229
10 959
3 7
3 6
10 827
3 1
10 256
4 10
12 1286
1 0
1 1
5 6
5 15
2 3
10 709
8 74
3 6
12 2031
1 0
10 92
9 147
7 9
2 3
4 11
2 3
4 14
2 0
4 12
9 101
8 119
9 54
8 230
5 29
4 0
3 5
1 0
2 1
4 6
3 3
8 172
6 3
2 3
2 3
7 23
5 4
11 567
7 78
3 2
4 10
5 18
2 2
4 15
1 1
8 130
8 133
3 0
8 136
7 25
7 86
6 3
10 984
11 363
7 35
3 0
3 7
10 854
1 0
1 0
3 1
11 1417
1 0
2 0
4 6
2 0
8 87
12 3799
3 7
10 601
6 44
6 26
5 7
3 6
1 0
3 0
3 4
8 217
8 23
11 1655
6 17
9 25
6 44
7 84
6 2
6 63
10 833
10 748
10 379
1 1
5 29
9 7
4 6
12 1176
8 183
10 562
4 3
12 2838
9 356
10 12
2 0
9 419
6 28
11 887
2 2
7 75
7 119
3 2
2 3
1 0
9 473
10 834
9 402
5 5
9 142
10 919
10 177
6 50
10 314
3 2
2 1
7 61
6 51
7 76
6 40
8 194
5 2
12 2098
3 7
1 0
9 325
6 47
7 18
10 361
12 2320
3 5
6 59
3 3
9 63
12 268
5 25
10 203
10 36
6 53
8 216
6 19
2 0
4 8
2 2
4 11
2 1
6 16
6 57
1 0
1 0
4 3
3 0
8 222
1 1
3 1
2 2
3 6
3 3
5 10
5 13
4 2
10 595
5 15
5 8
2 3
11 312
12 532
8 224
11 221
4 7
11 1162
3 4
1 1
6 5
8 198
8 42
2 1
7 77
5 19
8 202
6 55
6 45
1 1
8 77
12 3804
4 9
11 390
10 456
6 48
10 157
5 29
3 4
8 118
10 912
9 358
6 46
8 23
1 0
10 888
4 7
10 493
1 1
6 34
12 362
7 39
10 455
8 157
10 597
1 0
8 162
6 40
11 582
11 559
1 0
4 6
7 3
7 78
10 635
2 3
11 1400
4 8
12 82
7 120
4 14
5 25
11 845
7 25
10 881
1 0
10 835
2 3
10 864
10 682
3 0
10 670
3 0
5 12
7 19
3 6
2 2
10 361
7 12
10 800
6 60
6 14
4 3
7 102
12 3686
7 25
9 277
3 1
12 2068
5 5
7 102
5 11
11 1526
11 796
11 1662
12 2260
12 839
9 234
12 3711
10 100
9 126
5 27
4 10
5 29
2 1
10 720
11 151
10 294
2 0
2 3
12 1482
2 0
2 1
6 17
9 12
7 104
1 0
1 1
6 25
1 0
10 770
4 15
3 5
6 30
4 15
9 316
12 3684
11 225
1 0
12 1711
8 206
12 1247
5 25
8 202
2 1
11 58
7 22
2 2
5 11
8 208
10 948
12 1731
3 0
9 220
9 322
12 3854
1 1
9 442
6 46
2 0
10 574
7 103
11 2032
12 310
5 2
12 2164
3 4
10 98
5 14
5 7
6 35
2 1
3 1
7 29
10 337
12 1842
3 7
12 815
11 1337
2 0
8 202
7 96
7 120
3 3
4 14
8 251
5 22
1 1
8 8
6 34
7 109
5 22
3 0
4 10
6 11
11 732
7 26
1 1
6 60
7 5
10 764
4 4
9 432
12 83
11 778
6 17
8 102
9 157
7 57
2 2
3 0
9 474
2 0
10 180
10 704
3 1
3 6
12 2682
8 148
5 13
9 119
12 1108
1 1
6 29
5 22
6 62
12 1186
6 4
7 69
7 126
9 90
7 105
12 419
12 3609
2 3
10 80
7 116
2 1
11 332
1 1
9 10
9 259
10 244
3 6
9 214
5 0
3 0
6 12
5 8
10 291
10 763
8 64
3 1
1 0
3 1
10 933
8 134
9 253
8 13
6 16
12 680
9 218
2 1
10 77
8 189
7 114
9 187
10 396
5 0
9 194
9 145
9 367
4 1
2 1
12 3025
9 374
12 3451
1 0
12 453
2 0
6 46
10 800
6 13
11 1464
3 5
9 264
1 0
6 49
5 0
6 13
10 0
8 214
7 15
10 79
2 2
1 0
4 0
10 509
2 2
2 1
1 0
2 2
8 57
1 1
11 133
7 46
9 110
12 2949
2 2
12 2235
8 224
2 1
8 249
9 57
1 1
10 594
7 123
11 255
10 587
10 767
11 965
6 44
4 2
11 754
12 2374
7 78
1 1
3 1
2 2
6 14
7 66
4 13
8 143
4 7
4 5
2 1
11 1602
2 3
9 307
7 111
2 1
1 0
7 16
8 30
1 1
2 2
12 754
8 63
8 243
1 1
11 743
5 4
11 837
3 5
4 11
8 152
9 349
3 2
1 0
9 505
1 1
11 1756
11 1554
3 6
4 9
3 6
12 468
11 1032
2 2
6 58
12 3329
12 2896
3 6
5 10
3 5
12 3480
10 578
2 3
1 1
5 12
3 2
2 0
3 0
7 17
12 2813
5 17
5 3
7 39
6 34
5 25
4 4
1 1
2 1
12 3611
8 66
4 10
8 186
5 19
11 1317
10 945
12 2794
7 4
5 10
1 0
7 48
6 24
11 1580
10 601
9 237
11 1915
9 115
7 86
8 16
4 11
10 559
4 15
3 6
12 949
1 0
10 617
2 1
6 48
11 431
1 1
6 22
10 155
10 452
4 5
8 78
9 84
4 11
4 11
2 3
6 4
3 5
5 27
4 7
7 94
12 3012
1 0
3 2
5 28
12 3158
7 15
12 3097
7 102
2 0
7 49
12 143
6 45
10 716
12 678
4 6
3 3
11 220
3 0
4 6
7 82
10 719
7 40
4 7
11 1701
12 715
10 391
11 1560
12 235
1 0
9 207
9 20
4 4
7 18
1 0
1 0
10 719
4 12
1 1
9 347
5 20
7 12
9 241
8 149
12 4024
6 33
2 3
12 2330
11 1781
4 11
11 430
11 1580
3 1
8 56
1 1
5 24
7 83
7 66
6 0
2 3
12 551
3 1
12 1359
9 328
7 63
11 691
4 5
8 182
2 2
1 0
2 2
8 130
10 964
9 159
7 115
3 0
8 177
12 2049
4 6
7 31
12 4040
11 143
2 1
1 0
8 118
9 235
12 3020
3 6
10 36
3 4
10 724
9 496
2 1
12 1263
4 15
2 0
4 15
1 1
4 7
12 862
1 1
9 95
6 48
10 1
12 3565
1 0
4 4
3 3
8 217
1 1
5 5
4 2
5 28
12 1052
12 3202
7 100
2 2
2 0
9 450
4 14
8 213
8 143
8 125
5 7
6 31
5 26
1 1
11 758
6 33
2 0
3 5
12 3651
2 2
10 653
8 35
8 151
4 12
3 5
12 1754
4 11
3 3
6 21
12 1919
3 4
3 4
10 706
7 66
8 252
3 7
1 0
11 26
6 43
2 2
12 3084
12 3841
3 1
9 206
10 548
9 405
1 0
2 0
12 2437
8 148
7 30
1 1
8 199
6 38
8 171
8 182
11 1702
4 0
10 598
3 7
4 1
3 6
2 0
3 7
8 17
2 2
11 196
9 434
12 1134
4 13
6 3
9 365
1 1
8 54
10 499
1 0
12 4030
6 27
2 3
4 10
6 24
2 0
11 199
12 1939
4 9
8 238
1 0
12 1888
9 475
8 26
5 10
1 0
10 519
8 171
6 50
1 0
10 687
9 339
4 7
2 2
7 36
11 1270
9 316
4 3
5 27
7 71
1 1
3 7
9 132
8 73
6 53
6 57
3 5
5 19
11 1759
3 3
12 626
6 7
6 47
12 2828
6 33
9 156
6 40
8 179
11 1854
1 0
8 216
5 11
1 1
8 39
10 1007
11 1781
1 0
3 1
9 257
4 2
5 14
5 16
9 327
10 237
8 154
2 0
8 225
7 110
3 3
10 101
4 3
4 11
11 195
6 35
6 12
6 2
12 1150
10 957
12 3941
3 4
11 861
5 12
1 0
6 32
4 6
11 1986
3 5
10 970
1 0
8 44
8 91
4 4
8 45
7 64
10 423
9 207
9 378
3 3
3 0
3 3
1 1
5 27
12 1519
3 4
3 0
8 30
9 174
4 14
10 371
3 3
6 42
1 1
12 1645
9 42
4 12
2 1
8 54
11 505
7 121
7 93
2 2
7 33
9 255
8 186
2 1
10 895
10 919
4 15
2 1
7 28
8 50
9 370
6 15
9 362
4 1
1 0
7 69
9 298
12 406
10 573
10 388
4 12
10 819
10 694
11 1279
8 254
6 3
9 357
7 99
2 1
1 1
5 2
5 17
2 3
5 21
5 7
9 278
9 421
2 2
10 137
2 2
7 48
11 781
1 0
1 1
10 927
5 9
3 1
6 0
5 15
5 8
3 7
2 3
6 29
7 119
8 24
7 87
9 114
7 54
12 3091
3 0
2 2
3 3
11 600
6 36
9 483
5 6
1 1
11 633
6 17
2 2
12 3539
7 74
4 3
11 1563
11 79
11 865
4 1
6 3
10 936
10 399
4 7
8 254
6 3
5 10
4 6
6 59
10 317
1 1
4 3
4 14
2 2
7 92
7 79
8 228
6 59
4 12
6 61
12 3661
4 12
10 603
8 11
5 14
8 48
6 5
5 6
11 1098
3 5
11 1866
2 3
3 5
2 2
12 955
6 19
9 269
3 5
2 0
2 1
6 31
6 7
1 0
12 3219
7 35
11 1882
12 650
4 2
1 0
8 222
11 184
5 29
3 1
9 149
2 3
5 18
2 2
5 3
5 11
3 5
7 27
2 1
12 2461
5 23
1 0
2 2
1 0
5 3
9 207
3 2
11 1088
7 37
2 3
11 725
6 31
7 21
6 43
11 888
8 189
5 27
7 23
4 1
7 45
9 104
7 34
6 36
6 43
3 0
7 13
3 5
3 5
1 1
2 3
2 0
2 3
12 2274
3 3
8 33
1 1
4 3
7 95
8 71
8 219
10 581
10 64
8 68
9 229
7 74
12 1143
5 2
3 2
6 43
4 10
6 6
4 12
5 30
5 8
6 44
10 698
12 815
10 154
9 166
8 123
5 19
5 27
3 0
7 27
3 1
11 1959
2 1
6 16
6 10
5 29
9 388
8 198
1 0
6 44
11 87
4 9
12 690
11 1198
2 1
3 4
7 17
6 32
9 177
6 3
11 775
2 1
10 220
7 3
4 5
1 1
3 1
5 18
12 3844
5 22
9 479
11 131
12 2878
8 92
3 4
4 13
3 3
2 3
2 2
9 431
6 28
12 3605
8 78
6 31
8 63
3 3
2 3
11 477
9 457
2 3
5 10
11 371
3 3
2 2
5 24
8 73
3 1
7 45
8 139
10 242
4 14
10 54
9 373
12 3043
1 0
2 3
8 94
4 7
12 1934
5 17
12 1121
3 0
10 528
11 1715
8 67
9 67
1 0
3 0
6 40
10 584
7 113
4 13
8 149
10 608
6 8
11 1006
1 0
8 181
5 29
10 349
8 72
8 85
12 468
12 1838
2 3
10 623
5 7
11 1860
12 2728
7 46
6 52
1 1
1 0
7 67
9 30
8 148
3 2
5 2
1 1
11 1279
4 4
10 234
8 50
2 0
1 1
5 8
12 3566
6 62
2 3
5 20
1 0
10 36
3 7
11 954
12 3549
1 0
1 0
8 232
10 755
5 5
4 1
7 48
5 5
12 719
5 8
3 4
12 2933
8 25
2 0
2 3
7 37
12 3550
10 553
8 208
5 5
10 921
2 0
6 60
1 1
5 1
9 297
4 10
12 1802
8 68
1 1
11 942
4 9
12 3352
6 15
5 9
3 6
9 480
2 1
1 0
2 0
2 3
4 0
8 70
3 7
12 568
10 216
5 19
10 342
11 1623
4 4
5 15
3 3
9 471
6 4
12 1490
10 752
7 41
9 141
9 326
7 108
6 59
8 134
9 445
11 649
5 27
2 3
2 1
1 1
2 0
12 2523
1 0
5 21
6 6
12 3963
12 2264
2 0
3 4
4 14
1 0
2 2
1 1
11 1625
1 0
5 11
4 11
8 118
8 68
3 3
2 1
7 113
6 13
12 1113
2 2
3 5
1 0
10 614
8 82
12 1677
2 2
6 7
4 12
3 4
5 21
6 16
12 3488
11 303
4 7
10 564
10 818
12 3852
10 906
1 0
10 342
6 1
4 9
12 1799
5 22
7 125
10 674
7 61
9 228
2 1
8 234
12 3013
1 0
12 576
3 2
12 1731
9 413
11 863
7 18
5 19
12 1065
4 5
10 82
8 29
2 3
7 51
1 0
9 369
8 242
12 1736
6 24
4 12
4 4
11 1768
4 13
12 138
6 42
6 33
3 4
9 380
2 1
2 3
11 1010
2 0
9 393
8 9
8 176
12 3945
3 1
6 59
7 49
11 428
11 1050
5 2
1 0
9 465
2 0
12 3490
5 7
11 1116
12 1654
11 1483
9 511
8 38
4 6
12 2974
3 0
8 242
4 11
7 7
10 752
5 24
9 404
6 16
11 282
1 1
3 4
7 96
9 179
5 26
4 1
9 86
11 266
6 25
2 0
5 11
9 454
11 1597
2 2
2 2
6 59
5 30
5 2
5 16
10 387
6 34
4 3
2 3
8 255
7 120
10 209
11 651
6 21
6 53
10 74
1 0
5 22
1 0
1 1
8 125
12 1726
7 22
3 5
9 373
3 7
1 1
10 511
10 258
11 1860
6 11
11 1849
3 6
10 851
6 42
7 14
1 1
3 0
2 0
7 118
5 17
4 7
10 365
7 14
5 6
6 9
6 50
3 6
12 1345
2 3
7 27
3 7
12 3778
5 6
1 1
1 1
2 3
9 312
10 141
3 0
7 70
2 3
2 3
2 3
6 37
12 3007
12 2550
2 0
8 152
10 223
4 12
2 2
6 26
3 4
10 277
12 3230
10 52
10 62
2 1
7 69
5 0
10 766
11 554
3 0
1 0
3 5
6 7
8 141
9 481
9 43
3 6
7 88
2 2
7 97
11 366
3 6
2 0
5 6
1 0
10 816
8 129
5 30
3 7
4 7
10 637
12 2731
8 104
2 0
4 9
7 103
10 207
12 1720
12 2665
6 63
1 1
4 2
9 76
2 0
4 7
9 503
3 1
8 122
8 133
7 7
4 2
1 1
8 1
4 5
7 54
10 621
5 27
6 21
3 5
11 841
12 3548
4 8
6 1
1 1
10 733
5 27
7 65
12 2640
7 104
8 137
2 3
1 0
3 3
8 232
5 20
7 63
7 69
3 3
4 10
2 3
1 0
9 227
7 37
1 0
7 9
10 145
11 1459
11 1285
10 825
8 132
6 63
12 2240
4 10
10 76
6 36
1 1
1 0
5 8
5 13
2 1
11 398
11 535
1 0
3 2
3 0
8 122
11 819
5 26
1 1
6 2
5 20
10 151
2 1
1 1
4 7
3 1
7 60
9 104
3 1
10 57
10 331
5 28
12 1136
4 15
5 0
6 22
3 0
12 611
3 1
11 1739
8 239
4 14
8 112
8 168
5 12
5 25
10 276
6 41
10 207
6 1
8 156
2 0
4 14
10 666
2 2
4 2
2 3
9 101
9 43
4 15
7 98
6 8
6 42
5 9
7 13
8 65
11 1829
4 15
6 25
5 31
10 811
11 951
9 407
11 877
2 2
12 176
7 26
8 77
10 839
2 2
9 162
6 41
8 8
5 13
8 170
6 46
2 3
5 28
5 2
8 14
11 395
3 3
6 43
1 0
8 13
12 1875
9 486
4 8
6 22
1 1
1 1
12 1159
3 5
3 3
6 29
5 24
1 0
9 504
1 0
11 1898
1 1
9 220
11 182
8 69
8 76
8 43
8 121
8 254
5 5
11 1854
10 53
9 137
2 3
3 7
12 1107
12 3703
9 475
2 2
2 3
4 13
5 30
2 0
11 848
4 5
5 25
9 302
2 2
1 0
10 757
8 52
9 196
12 2394
10 137
6 55
3 2
5 10
5 10
9 504
9 401
10 706
4 3
9 107
11 681
7 38
3 0
1 0
1 0
10 696
6 15
4 5
4 14
7 32
11 1664
4 4
4 6
11 210
7 83
12 2918
12 1148
9 191
6 47
9 28
1 0
6 60
11 66
9 419
11 672
7 20
2 1
8 71
1 1
9 401
5 29
3 3
11 448
4 7
6 35
5 12
5 24
7 12
2 2
2 2
1 0
3 2
8 212
5 5
11 601
11 585
4 7
10 503
8 144
11 318
8 255
11 1510
12 69
6 58
11 469
8 143
3 5
9 159
1 1
11 644
7 112
3 5
2 0
4 0
1 1
11 268
12 2601
7 46
8 111
10 27
9 380
8 85
4 15
9 346
12 328
2 1
12 978
2 3
2 1
1 1
3 0
4 13
2 2
4 1
12 1167
3 6
1 1
9 425
6 11
4 11
11 1956
12 1821
9 59
9 42
5 19
3 5
3 7
4 2
2 0
9 247
11 1438
8 17
5 20
3 4
5 3
3 2
11 1399
6 57
12 3465
9 271
11 154
9 407
7 45
1 0
12 707
7 115
2 0
6 44
9 268
10 20
1 0
3 1
12 624
2 3
2 2
12 2504
2 3
2 0
4 14
12 37
12 45
12 3940
9 327
4 5
12 267
9 377
8 196
1 0
3 3
7 105
6 6
11 115
10 622
4 3
11 396
9 411
3 1
10 464
12 229
9 293
3 0
4 13
1 0
7 86
1 0
2 0
2 2
10 926
7 17
10 202
6 36
2 0
3 6
3 4
2 2
4 6
2 2
1 0
9 370
11 1755
8 48
6 59
7 97
9 369
1 1
3 0
4 5
2 2
10 237
5 30
8 211
5 27
12 3335
4 4
8 194
1 0
3 5
9 454
12 3407
12 1687
4 3
8 86
8 69
5 12
2 2
12 1489
8 17
8 126
12 3367
1 1
3 0
7 113
6 19
9 235
4 7
3 3
5 1
6 0
4 9
4 0
11 1185
11 1650
7 80
5 21
8 92
7 41
2 3
12 3134
1 0
2 2
9 9
5 31
11 1111
8 96
8 204
1 1
5 24
5 19
6 53
1 1
1 0
3 1
10 182
8 169
3 5
6 32
2 0
3 0
8 146
4 9
4 10
2 2
8 27
12 2445
12 2300
5 11
8 126
12 908
4 12
8 126
1 1
9 2
11 1619
6 17
11 192
4 4
10 906
6 2
4 13
11 284
3 5
9 190
6 16
10 633
4 2
7 14
8 184
5 0
1 0
7 78
4 8
5 18
5 24
4 13
10 739
4 14
8 230
7 59
1 1
1 0
3 3
10 528
11 591
7 84
8 226
6 33
2 0
1 0
10 161
11 412
1 0
7 11
4 5
7 8
2 3
6 56
11 1822
11 333
7 63
1 0
9 382
2 2
4 4
4 11
7 97
1 0
9 219
8 135
9 40
4 0
12 4021
10 681
4 10
5 20
4 3
8 33
7 36
2 1
7 26
3 0
1 0
1 1
10 665
11 1911
12 3874
4 7
8 115
7 109
8 52
3 0
10 816
10 946
2 3
8 13
3 2
10 831
9 347
11 994
5 1
8 183
11 220
12 3391
1 1
2 0
3 3
1 0
11 280
11 432
4 7
4 1
1 1
7 39
7 18
7 56
5 1
8 213
4 15
8 33
4 4
11 1226
7 22
1 0
2 3
5 18
10 1023
7 123
5 11
9 344
5 2
6 6
6 50
6 0
5 31
8 211
2 1
1 0
10 241
10 137
3 6
5 22
8 74
6 61
6 11
5 17
9 55
10 609
5 3
3 2
5 10
9 131
5 8
11 1409
2 2
6 36
7 127
3 7
9 242
11 1629
9 260
3 4
8 191
3 6
6 58
8 61
11 81
10 881
5 8
12 3697
2 2
9 211
4 6
10 421
6 10
5 8
7 30
7 81
5 7
4 6
10 445
1 1
2 0
10 89
9 398
12 3157
4 6
10 419
8 176
1 0
5 3
11 1553
5 6
7 55
9 72
6 18
12 1379
10 22
2 0
8 222
6 28
10 65
6 49
9 400
1 0
8 189
10 165
7 120
11 1420
4 6
2 2
7 32
3 5
11 143
10 914
8 136
9 32
10 324
2 0
9 270
5 6
6 13
2 3
9 158
6 24
11 1943
10 481
9 144
1 1
11 1306
1 0
7 26
5 10
3 0
11 988
5 11
7 122
12 142
8 42
7 76
10 777
11 1452
12 704
1 1
9 239
9 280
12 2794
9 441
4 6
4 15
3 3
7 59
11 541
1 0
10 911
3 3
2 3
12 3866
10 451
2 3
5 11
11 583
6 39
10 807
10 336
9 407
7 68
7 12
11 195
3 7
10 964
9 134
7 63
6 11
7 89
9 17
11 259
2 2
9 255
8 200
9 276
9 220
6 15
2 0
6 50
3 3
9 434
1 1
7 50
9 159
11 613
8 121
6 1
4 1
9 221
11 1019
8 230
7 77
1 1
10 576
10 206
11 1857
12 3010
10 1018
5 23
7 76
8 62
2 3
7 124
4 13
2 2
6 57
5 11
6 2
3 5
9 165
12 2131
6 23
10 711
6 37
1 0
7 25
10 822
7 34
4 3
3 3
8 148
5 17
2 3
8 12
1 0
7 76
5 25
1 0
5 11
9 488
2 0
6 9
11 488
2 2
3 3
11 620
2 2
12 1494
10 104
6 7
6 5
5 27
8 94
4 8
9 20
8 16
2 0
10 464
1 0
7 47
10 257
5 18
2 2
2 0
3 3
3 1
9 486
8 9
12 1137
2 1
9 47
8 41
12 3381
10 6
12 1166
3 1
10 847
2 1
12 773
6 2
9 253
1 0
2 0
12 170
2 3
7 111
2 1
4 13
6 9
2 3
12 2402
12 2773
6 51
5 7
5 8
12 651
11 1577
6 48
10 299
5 10
10 424
12 1758
2 2
5 26
3 3
4 12
1 0
1 0
9 265
7 6
9 484
3 1
6 28
4 9
6 47
7 114
4 4
12 387
2 3
12 890
2 1
9 359
10 796
10 367
5 6
12 1814
11 1890
8 249
6 19
2 0
10 761
7 107
9 0
4 0
6 5
1 1
6 49
6 46
6 0
1 0
1 0
10 330
2 2
5 5
12 2121
1 0
5 10
11 596
7 21
1 0
3 6
4 3
6 45
8 247
12 4093
9 424
5 12
11 620
6 62
3 2
3 5
8 55
10 578
1 1
1 1
11 1563
8 189
8 122
2 1
11 572
4 10
2 2
10 1000
1 1
11 874
3 3
2 2
11 1459
6 55
9 372
2 1
2 3
2 3
4 12
4 7
2 2
12 437
7 20
11 130
12 1909
6 14
5 22
9 467
2 1
8 178
6 29
9 486
7 35
10 678
4 10
3 4
6 15
10 416
1 0
1 1
9 207
1 0
6 5
9 315
2 0
1 1
9 285
8 77
4 9
7 96
3 2
4 2
5 17
1 1
4 13
10 415
3 6
6 12
8 167
6 39
1 0
6 46
2 2
4 4
1 1
9 256
7 0
8 141
4 12
3 3
11 262
11 98
8 189
1 1
4 3
4 6
12 2590
11 1974
3 0
5 15
9 184
7 80
4 13
8 72
10 683
10 468
7 24
10 578
3 6
3 5
6 26
2 0
11 568
9 484
5 3
10 592
6 16
9 254
8 145
2 3
11 2018
1 1
11 1303
2 0
8 69
11 2007
