3000
12 1374
12 2974
12 1190
12 1882
12 2708
12 2
12 2826
12 3024
12 1530
12 3068
12 2118
12 1636
12 4030
12 2900
12 2966
12 3156
12 3154
12 2750
12 2978
12 2660
12 3094
12 1960
12 1070
12 312
12 858
12 1734
12 1588
12 2294
12 196
12 362
12 3934
12 2472
12 2644
12 2622
12 536
12 812
12 2374
12 2480
12 2510
12 3402
12 2950
12 1882
12 518
12 2566
12 1980
12 2326
12 2876
12 2830
12 3066
12 2146
12 2726
12 2794
12 878
12 686
12 1488
12 2764
12 3314
12 2196
12 772
12 1286
12 2196
12 3062
12 2110
12 3148
12 512
12 2840
12 1016
12 2094
12 3730
12 60
12 1344
12 1634
12 3126
12 998
12 1816
12 666
12 3512
12 3458
12 2628
12 2666
12 1748
12 2506
12 2144
12 3406
12 3548
12 1510
12 3860
12 3712
12 1726
12 3676
12 1700
12 3448
12 3540
12 3816
12 3446
12 2716
12 818
12 1670
12 180
12 868
12 3438
12 3858
12 2412
12 3744
12 1322
12 1054
12 630
12 342
12 478
12 592
12 1478
12 1216
12 2218
12 2208
12 2250
12 662
12 1080
12 2562
12 3660
12 422
12 1752
12 466
12 2942
12 3584
12 1482
12 1678
12 1868
12 2120
12 152
12 818
12 3952
12 1662
12 438
12 1992
12 336
12 82
12 2398
12 2464
12 1056
12 1212
12 3714
12 520
12 3318
12 1936
12 3498
12 3578
12 596
12 3454
12 2204
12 2570
12 188
12 1814
12 892
12 3632
12 3254
12 1970
12 2292
12 3232
12 3946
12 542
12 52
12 2828
12 2776
12 2238
12 2258
12 86
12 3478
12 252
12 1500
12 1840
12 3192
12 2710
12 3656
12 3836
12 2930
12 3488
12 2600
12 944
12 1680
12 26
12 90
12 2300
12 262
12 3022
12 706
12 1530
12 2976
12 3762
12 1934
12 3612
12 678
12 660
12 928
12 804
12 1906
12 2842
12 2238
12 2224
12 746
12 3916
12 2072
12 2886
12 1914
12 1120
12 172
12 776
12 1784
12 2664
12 1256
12 218
12 2102
12 1174
12 2362
12 264
12 1642
12 742
12 4076
12 2112
12 2746
12 1836
12 2290
12 3264
12 2184
12 176
12 2810
12 732
12 1340
12 22
12 2656
12 650
12 334
12 1424
12 1616
12 1130
12 620
12 2136
12 2866
12 3840
12 3118
12 3360
12 2186
12 2700
12 2868
12 2876
12 1472
12 112
12 388
12 3066
12 1492
12 508
12 1956
12 2048
12 278
12 2170
12 362
12 1552
12 3050
12 166
12 490
12 2122
12 3904
12 2170
12 1780
12 1352
12 3264
12 36
12 3794
12 3792
12 3862
12 4016
12 1100
12 1072
12 3326
12 630
12 3400
12 2340
12 3250
12 2126
12 2266
12 2582
12 1188
12 2920
12 3086
12 1984
12 1346
12 3784
12 2430
12 1878
12 2398
12 1132
12 1144
12 822
12 3936
12 3784
12 530
12 1900
12 1214
12 1522
12 1200
12 2822
12 2116
12 2752
12 70
12 2688
12 974
12 3066
12 3072
12 2200
12 92
12 514
12 882
12 320
12 2558
12 1440
12 4008
12 1272
12 14
12 3602
12 3116
12 1940
12 1348
12 368
12 3360
12 2028
12 1690
12 556
12 3740
12 4066
12 2626
12 1878
12 3266
12 1456
12 3814
12 548
12 1086
12 622
12 616
12 6
12 3976
12 2076
12 2694
12 2098
12 1254
12 2438
12 944
12 3224
12 2070
12 3792
12 1564
12 2942
12 1740
12 2122
12 2242
12 2546
12 3456
12 2024
12 1444
12 788
12 1290
12 3584
12 212
12 218
12 220
12 3804
12 2288
12 610
12 2350
12 284
12 3772
12 1214
12 2600
12 3698
12 2144
12 2952
12 2694
12 1790
12 64
12 2092
12 2902
12 1240
12 904
12 412
12 2708
12 3126
12 1438
12 284
12 910
12 3150
12 182
12 2948
12 2386
12 2740
12 3086
12 2766
12 2980
12 886
12 2722
12 2906
12 2596
12 2504
12 268
12 4054
12 120
12 1928
12 2740
12 2012
12 1854
12 1836
12 3138
12 2538
12 1264
12 1336
12 1106
12 348
12 462
12 3538
12 1642
12 96
12 2662
12 3784
12 260
12 1898
12 952
12 38
12 1816
12 2218
12 1660
12 946
12 746
12 122
12 566
12 128
12 2360
12 1388
12 614
12 2758
12 1152
12 60
12 2968
12 1032
12 870
12 622
12 196
12 126
12 286
12 1388
12 1746
12 1514
12 1802
12 678
12 2228
12 2986
12 2822
12 3530
12 3994
12 3646
12 2810
12 2514
12 2058
12 1936
12 2256
12 3348
12 2718
12 1414
12 3110
12 1686
12 3964
12 3288
12 2862
12 2578
12 1400
12 3100
12 1366
12 2456
12 2042
12 954
12 2610
12 2178
12 490
12 922
12 1456
12 1772
12 1290
12 1680
12 3896
12 1766
12 1348
12 194
12 2722
12 2828
12 2582
12 3150
12 3720
12 3930
12 970
12 1778
12 3616
12 720
12 2788
12 962
12 2960
12 3204
12 1392
12 1538
12 2114
12 2540
12 3820
12 3588
12 2736
12 3184
12 966
12 2394
12 3766
12 414
12 416
12 410
12 3042
12 3288
12 3256
12 3784
12 2834
12 1824
12 1046
12 916
12 692
12 648
12 2558
12 390
12 794
12 1804
12 2212
12 1540
12 3688
12 3600
12 978
12 1960
12 2466
12 100
12 1506
12 2888
12 2004
12 970
12 1222
12 1672
12 3864
12 500
12 1996
12 244
12 2074
12 574
12 3116
12 422
12 2486
12 2040
12 1090
12 994
12 4094
12 2054
12 1890
12 1374
12 4050
12 408
12 2910
12 114
12 408
12 3364
12 3220
12 1400
12 3348
12 30
12 1812
12 1450
12 2352
12 3618
12 186
12 4080
12 14
12 3006
12 388
12 1750
12 2466
12 3936
12 258
12 3504
12 758
12 1922
12 1474
12 1764
12 1928
12 3994
12 1648
12 48
12 2220
12 732
12 3520
12 1592
12 1046
12 1832
12 1900
12 530
12 3770
12 2818
12 234
12 2078
12 2496
12 3648
12 152
12 378
12 3652
12 1528
12 2824
12 3094
12 3140
12 3378
12 1988
12 2976
12 1406
12 1272
12 2934
12 2866
12 482
12 3640
12 1216
12 2166
12 3702
12 2194
12 2442
12 3662
12 1112
12 4030
12 3694
12 1250
12 500
12 3604
12 2598
12 3668
12 1170
12 2580
12 3600
12 436
12 18
12 2292
12 1808
12 3090
12 3274
12 3932
12 1234
12 652
12 3108
12 594
12 3074
12 2784
12 2798
12 16
12 1750
12 1030
12 1968
12 3746
12 1828
12 3736
12 3894
12 3196
12 3342
12 296
12 1182
12 3360
12 276
12 3754
12 2172
12 1958
12 1928
12 2558
12 1730
12 194
12 3398
12 3616
12 1022
12 1308
12 106
12 3844
12 798
12 3656
12 1592
12 2224
12 3662
12 758
12 1080
12 2436
12 2
12 1868
12 474
12 3448
12 594
12 3458
12 3182
12 3762
12 2936
12 1524
12 3574
12 150
12 1854
12 1628
12 1976
12 3564
12 630
12 2284
12 804
12 4082
12 1790
12 876
12 2302
12 3958
12 1608
12 2010
12 3566
12 1228
12 716
12 946
12 2128
12 3628
12 1424
12 2086
12 4040
12 1112
12 4022
12 722
12 1646
12 204
12 712
12 1518
12 886
12 4094
12 826
12 1116
12 984
12 1328
12 1308
12 1402
12 2636
12 1428
12 1104
12 2494
12 154
12 2596
12 1674
12 2110
12 1858
12 194
12 1940
12 3932
12 978
12 2296
12 2012
12 638
12 4074
12 346
12 1740
12 1404
12 2454
12 724
12 308
12 3842
12 1694
12 1366
12 960
12 820
12 790
12 2352
12 3770
12 3978
12 2118
12 1532
12 1078
12 4074
12 3710
12 2112
12 3160
12 3332
12 3836
12 3512
12 1398
12 3442
12 1644
12 52
12 3198
12 2998
12 158
12 1240
12 1162
12 1026
12 1394
12 3614
12 1472
12 1360
12 860
12 682
12 618
12 3794
12 944
12 3984
12 360
12 3542
12 2426
12 3668
12 2582
12 114
12 2046
12 2572
12 160
12 2920
12 3436
12 3256
12 3454
12 3760
12 2892
12 3242
12 3992
12 3720
12 396
12 1894
12 2550
12 346
12 2234
12 870
12 3464
12 3422
12 3436
12 3228
12 774
12 3480
12 3712
12 1816
12 2122
12 3482
12 2872
12 2420
12 1250
12 1888
12 488
12 22
12 2126
12 854
12 742
12 4052
12 1302
12 1070
12 1992
12 3216
12 988
12 4060
12 3168
12 2962
12 2714
12 110
12 1226
12 256
12 3472
12 2810
12 2840
12 2248
12 2704
12 2080
12 354
12 894
12 2914
12 1448
12 162
12 2594
12 1478
12 2176
12 1678
12 2032
12 958
12 502
12 310
12 842
12 2786
12 3512
12 3834
12 3638
12 100
12 2692
12 1902
12 388
12 2182
12 1748
12 1760
12 2742
12 608
12 358
12 3482
12 1262
12 3018
12 458
12 868
12 2722
12 2084
12 1564
12 3028
12 238
12 3856
12 4004
12 1210
12 2036
12 886
12 2690
12 636
12 724
12 3656
12 352
12 134
12 96
12 2426
12 746
12 394
12 3240
12 2608
12 2458
12 954
12 2690
12 3194
12 2102
12 1008
12 2778
12 1864
12 1496
12 1420
12 2110
12 1614
12 1884
12 2904
12 664
12 2876
12 2320
12 476
12 568
12 1842
12 3066
12 2030
12 3766
12 462
12 1194
12 1304
12 418
12 3984
12 2072
12 774
12 322
12 1406
12 2532
12 1734
12 2424
12 2000
12 892
12 3532
12 2860
12 2472
12 236
12 3348
12 2046
12 2136
12 3378
12 3592
12 746
12 1418
12 1078
12 870
12 2546
12 3838
12 1014
12 3602
12 3000
12 3698
12 610
12 222
12 1742
12 1170
12 2194
12 2390
12 314
12 1390
12 1628
12 28
12 1616
12 518
12 198
12 2544
12 2256
12 1430
12 984
12 834
12 1010
12 3564
12 1688
12 2868
12 3630
12 464
12 978
12 204
12 598
12 840
12 3044
12 1586
12 3928
12 2246
12 2698
12 1754
12 3498
12 318
12 3938
12 1062
12 962
12 3770
12 3874
12 488
12 1314
12 1744
12 2362
12 1622
12 3568
12 2764
12 2084
12 1986
12 3174
12 914
12 3348
12 2308
12 1096
12 2486
12 1614
12 3932
12 2738
12 3114
12 1724
12 3022
12 1316
12 2662
12 1166
12 3044
12 1816
12 1956
12 1488
12 2034
12 3248
12 2248
12 524
12 2718
12 140
12 96
12 1734
12 2576
12 782
12 430
12 136
12 2124
12 1514
12 2560
12 2158
12 1050
12 120
12 2550
12 1382
12 1610
12 2038
12 3004
12 1018
12 1646
12 1582
12 3232
12 3360
12 3904
12 600
12 2592
12 1988
12 1618
12 4026
12 3414
12 856
12 3200
12 978
12 3026
12 490
12 1304
12 380
12 790
12 4092
12 2092
12 3310
12 2878
12 1442
12 3258
12 2828
12 1482
12 334
12 350
12 2998
12 3932
12 2554
12 2378
12 2056
12 1588
12 332
12 2076
12 3308
12 1950
12 270
12 2560
12 3318
12 3058
12 2634
12 3506
12 570
12 3714
12 3308
12 1976
12 3186
12 1444
12 1168
12 1492
12 346
12 750
12 3568
12 2092
12 810
12 418
12 1846
12 1628
12 2366
12 542
12 2282
12 526
12 522
12 1154
12 882
12 3354
12 224
12 182
12 3220
12 3622
12 2882
12 3158
12 3486
12 660
12 2808
12 1534
12 884
12 592
12 296
12 2540
12 1702
12 54
12 200
12 1768
12 2
12 2006
12 3374
12 3932
12 1994
12 262
12 1596
12 1740
12 3578
12 762
12 232
12 2800
12 3060
12 74
12 1888
12 2064
12 1610
12 2168
12 28
12 632
12 372
12 3688
12 2980
12 1396
12 1404
12 2066
12 1778
12 842
12 3806
12 2700
12 578
12 854
12 926
12 2618
12 1872
12 900
12 2372
12 2616
12 622
12 3068
12 1068
12 2934
12 1530
12 3804
12 3598
12 2816
12 3176
12 3126
12 2478
12 220
12 2192
12 782
12 688
12 420
12 3552
12 3752
12 1364
12 1242
12 1056
12 390
12 22
12 3718
12 1494
12 254
12 32
12 3776
12 38
12 2384
12 3808
12 1062
12 2242
12 314
12 3960
12 742
12 1520
12 3924
12 1706
12 2956
12 1868
12 834
12 2188
12 3844
12 1858
12 3600
12 990
12 892
12 26
12 3422
12 4088
12 3090
12 1208
12 3294
12 3376
12 492
12 2924
12 3460
12 472
12 2188
12 1948
12 2552
12 44
12 4034
12 306
12 1794
12 2634
12 1034
12 3352
12 3406
12 1736
12 3730
12 3268
12 1246
12 3264
12 2526
12 2156
12 3160
12 1712
12 3776
12 382
12 3046
12 666
12 1002
12 304
12 3906
12 4070
12 1934
12 2094
12 816
12 952
12 2252
12 1548
12 2644
12 762
12 3886
12 882
12 800
12 1684
12 1176
12 52
12 3624
12 2440
12 282
12 198
12 2966
12 3464
12 430
12 3882
12 1218
12 652
12 1222
12 1262
12 3194
12 3038
12 1542
12 3042
12 864
12 3772
12 794
12 1958
12 1376
12 108
12 546
12 976
12 2834
12 1050
12 3580
12 2008
12 2472
12 2198
12 3706
12 3846
12 1832
12 2118
12 72
12 1382
12 3072
12 3980
12 2700
12 1368
12 3404
12 3080
12 1332
12 782
12 1458
12 1326
12 32
12 1986
12 474
12 982
12 2848
12 2942
12 1450
12 3244
12 1274
12 3166
12 3162
12 4088
12 336
12 2670
12 3814
12 3054
12 1964
12 1680
12 3640
12 2116
12 3850
12 3230
12 1848
12 1414
12 122
12 128
12 2100
12 934
12 3262
12 2902
12 2546
12 248
12 796
12 612
12 3910
12 878
12 3726
12 1512
12 2782
12 2196
12 2134
12 1604
12 3910
12 146
12 2076
12 1990
12 4056
12 3944
12 1300
12 852
12 1894
12 3180
12 178
12 4008
12 498
12 3214
12 2550
12 1816
12 3246
12 302
12 3504
12 400
12 3018
12 700
12 2
12 2026
12 1544
12 2584
12 1408
12 2106
12 2482
12 900
12 1406
12 2432
12 3150
12 1350
12 2944
12 1924
12 3922
12 2450
12 1872
12 3926
12 930
12 2838
12 3938
12 1102
12 1648
12 1600
12 3690
12 418
12 1044
12 1596
12 2684
12 2786
12 3132
12 606
12 3716
12 346
12 2378
12 3178
12 3154
12 3084
12 1648
12 1688
12 3254
12 1780
12 2414
12 1066
12 3872
12 3876
12 2438
12 604
12 1386
12 3202
12 2260
12 1424
12 638
12 382
12 3982
12 714
12 2758
12 1562
12 1280
12 1506
12 2794
12 2432
12 446
12 2888
12 2900
12 450
12 252
12 1300
12 3794
12 922
12 2404
12 176
12 3740
12 1218
12 1280
12 1472
12 1808
12 912
12 2644
12 3058
12 2418
12 2386
12 1700
12 524
12 3310
12 480
12 486
12 772
12 1672
12 2920
12 2138
12 484
12 656
12 636
12 1524
12 2724
12 792
12 3396
12 648
12 946
12 2144
12 3940
12 4024
12 2854
12 2112
12 2062
12 2600
12 1034
12 750
12 1412
12 1458
12 936
12 796
12 1114
12 2360
12 2730
12 3818
12 36
12 10
12 2560
12 216
12 1382
12 2008
12 2454
12 2870
12 3662
12 1862
12 366
12 186
12 1218
12 3148
12 3750
12 1890
12 3396
12 3076
12 1974
12 1216
12 1868
12 1940
12 1266
12 2784
12 3658
12 3608
12 910
12 194
12 1820
12 2670
12 244
12 312
12 1046
12 1402
12 3470
12 2558
12 2758
12 246
12 1108
12 3898
12 354
12 2716
12 2234
12 426
12 972
12 3092
12 30
12 98
12 2906
12 1296
12 3938
12 3750
12 2972
12 122
12 538
12 2654
12 1674
12 3174
12 428
12 132
12 3524
12 3842
12 3316
12 3546
12 3978
12 6
12 2414
12 2444
12 2786
12 900
12 1144
12 2508
12 1126
12 338
12 1154
12 1864
12 3354
12 3530
12 1596
12 3306
12 596
12 1418
12 162
12 3462
12 682
12 1322
12 3926
12 3636
12 1486
12 3008
12 2348
12 3830
12 2360
12 3120
12 1698
12 1530
12 2076
12 1954
12 3228
12 938
12 3240
12 2868
12 2854
12 36
12 3640
12 3990
12 616
12 3024
12 880
12 1148
12 1824
12 2214
12 2620
12 3230
12 3904
12 724
12 1736
12 884
12 2330
12 4076
12 284
12 258
12 1900
12 4060
12 3566
12 3314
12 1076
12 2226
12 2504
12 1908
12 1144
12 2326
12 1118
12 994
12 2176
12 2090
12 2438
12 1870
12 346
12 354
12 3186
12 3968
12 798
12 1242
12 502
12 2276
12 3672
12 3016
12 3464
12 856
12 2252
12 608
12 3784
12 1266
12 1590
12 3412
12 3400
12 130
12 2674
12 3462
12 3858
12 2302
12 2722
12 708
12 186
12 2988
12 212
12 3890
12 1812
12 2306
12 3888
12 986
12 360
12 3088
12 1214
12 1282
12 2980
12 2170
12 4034
12 3322
12 1024
12 326
12 1276
12 1412
12 3346
12 2428
12 4012
12 2800
12 1266
12 82
12 1602
12 546
12 3982
12 3528
12 3598
12 3146
12 2976
12 3480
12 336
12 3288
12 1630
12 3244
12 2344
12 1050
12 756
12 2866
12 3294
12 3754
12 1814
12 2444
12 3664
12 2854
12 2338
12 1010
12 2696
12 4010
12 3048
12 1200
12 1444
12 1242
12 608
12 1252
12 2408
12 598
12 956
12 3574
12 540
12 820
12 3202
12 666
12 2362
12 3492
12 1782
12 1990
12 2788
12 2764
12 810
12 978
12 524
12 904
12 2610
12 1006
12 4070
12 2422
12 3880
12 1898
12 502
12 1636
12 1712
12 1156
12 364
12 3692
12 2802
12 264
12 2036
12 342
12 1662
12 1816
12 928
12 546
12 618
12 2132
12 934
12 1920
12 526
12 2962
12 2828
12 2278
12 240
12 2306
12 2912
12 3776
12 1052
12 3592
12 3374
12 1790
12 3308
12 270
12 3880
12 3840
12 3152
12 2578
12 3930
12 496
12 2744
12 448
12 1522
12 3140
12 306
12 2450
12 196
12 2870
12 2612
12 676
12 2636
12 1436
12 1584
12 594
12 1526
12 624
12 3434
12 3982
12 2810
12 24
12 3028
12 3098
12 750
12 656
12 1586
12 738
12 1182
12 1450
12 2850
12 916
12 294
12 3090
12 1902
12 786
12 2294
12 1428
12 3274
12 394
12 4010
12 3558
12 788
12 610
12 1812
12 3022
12 2574
12 3716
12 1622
12 2176
12 4060
12 2838
12 3794
12 2824
12 3136
12 1810
12 1270
12 3310
12 3694
12 3588
12 858
12 234
12 878
12 914
12 2774
12 1592
12 3914
12 2182
12 2580
12 2344
12 1080
12 1240
12 3694
12 2662
12 2932
12 2924
12 3914
12 384
12 1912
12 304
12 3262
12 2118
12 2008
12 2318
12 3002
12 2060
12 644
12 1996
12 2914
12 2772
12 978
12 3302
12 1768
12 3832
12 3712
12 1880
12 104
12 1578
12 2178
12 1504
12 402
12 3650
12 3104
12 2526
12 1698
12 2738
12 1646
12 1512
12 2672
12 1670
12 2660
12 1346
12 3778
12 3980
12 1870
12 54
12 3494
12 2484
12 486
12 3558
12 2842
12 3914
12 1452
12 3164
12 3446
12 118
12 3224
12 1432
12 3246
12 2208
12 2130
12 3578
12 1734
12 2062
12 1788
12 1246
12 2754
12 402
12 1376
12 762
12 1206
12 3840
12 1398
12 532
12 1002
12 804
12 248
12 290
12 3600
12 1696
12 282
12 3300
12 1258
12 912
12 3204
12 3568
12 3490
12 1212
12 1548
12 2434
12 2500
12 2044
12 1492
12 3950
12 154
12 442
12 2392
12 2568
12 1540
12 1640
12 3866
12 1602
12 2660
12 2646
12 1028
12 2070
12 1816
12 1606
12 3514
12 354
12 1984
12 1320
12 1096
12 3714
12 3850
12 2820
12 1898
12 2776
12 1422
12 3514
12 948
12 678
12 2596
12 3488
12 1274
12 2486
12 1420
12 3214
12 1080
12 2222
12 234
12 2776
12 2040
12 2292
12 582
12 2292
12 3064
12 2048
12 2732
12 998
12 134
12 3312
12 1200
12 3640
12 1854
12 3792
12 3662
12 1154
12 3864
12 2826
12 766
12 2632
12 104
12 3946
12 3060
12 2952
12 690
12 3914
12 3872
12 768
12 3880
12 92
12 344
12 576
12 3366
12 3366
12 2642
12 2136
12 3706
12 1854
12 1586
12 2378
12 250
12 996
12 2418
12 50
12 1916
12 3066
12 3946
12 3114
12 3280
12 2894
12 1812
12 334
12 2334
12 2754
12 1930
12 2034
12 4044
12 418
12 328
12 2342
12 4028
12 160
12 2330
12 3492
12 610
12 304
12 266
12 3530
12 2210
12 508
12 2412
12 1942
12 2648
12 698
12 4082
12 1568
12 2250
12 3010
12 2816
12 2324
12 3294
12 3632
12 3518
12 2634
12 1518
12 516
12 2268
12 3950
12 3092
12 3126
12 134
12 2486
12 2972
12 3112
12 92
12 1536
12 2218
12 1390
12 2758
12 1288
12 1248
12 1188
12 1394
12 686
12 1202
12 1612
12 3896
12 2936
12 2900
12 1576
12 3956
12 44
12 3072
12 3176
12 2138
12 760
12 632
12 2260
12 3696
12 852
12 1256
12 4084
12 2522
12 832
12 3642
12 330
12 1706
12 992
12 2106
12 850
12 1408
12 2762
12 3482
12 2208
12 820
12 370
12 1828
12 2262
12 240
12 1514
12 3634
12 2816
12 1892
12 4000
12 964
12 608
12 2728
12 2506
12 3556
12 1182
12 1324
12 2276
12 1414
12 4082
12 3738
12 2108
12 28
12 422
12 3260
12 2302
12 1354
12 552
12 3602
12 3434
12 84
12 2870
12 1176
12 1850
12 2396
12 196
12 1716
12 1018
12 3128
12 3778
12 1216
12 2022
12 760
12 2198
12 1298
12 164
12 1042
12 784
12 4022
12 3670
12 3596
12 2802
12 178
12 850
12 2678
12 3448
12 3352
12 3956
12 1100
12 2334
12 798
12 736
12 1782
12 3526
12 3198
12 3662
12 1496
12 2718
12 3290
12 3682
12 2920
12 1900
12 3122
12 3050
12 3606
12 954
12 1574
12 766
12 1374
12 604
12 2626
12 1936
12 142
12 2410
12 3580
12 3852
12 1700
12 1540
12 1246
12 3860
12 234
12 28
12 1288
12 1894
12 896
12 952
12 1902
12 2090
12 3024
12 1076
12 3764
12 2140
12 3636
12 1928
12 608
12 2202
12 2610
12 960
12 3518
12 524
12 3914
12 792
12 2722
12 576
12 1570
12 2706
12 2152
12 2860
12 2442
12 1774
12 406
12 1090
12 1196
12 2786
12 1016
12 1600
12 292
12 1824
12 1218
12 1744
12 516
12 1794
12 1370
12 2562
12 546
12 2580
12 2846
12 3948
12 442
12 1244
12 2122
12 410
12 2850
12 1690
12 988
12 3024
12 3604
12 2478
12 2916
12 722
12 2506
12 3600
12 2878
12 1860
12 2418
12 2950
12 820
12 1004
12 2246
12 3602
12 1110
12 2176
12 3986
12 336
12 1472
12 1666
12 2180
12 3672
12 2456
12 3214
12 2814
12 2560
12 870
12 1280
12 1472
12 2984
12 3232
12 692
12 1170
12 1778
12 1536
12 3788
12 3504
12 3222
12 780
12 914
12 3192
12 4032
12 1698
12 3792
12 460
12 1884
12 876
12 2634
12 3878
12 2100
12 860
12 3352
12 3478
12 3922
12 1406
12 2796
12 2308
12 1914
12 1350
12 140
12 4008
12 1446
12 4052
12 238
12 736
12 3912
12 1288
12 1634
12 3098
12 1404
12 2186
12 1018
12 3522
12 2928
12 3156
12 1914
12 850
12 2130
12 3934
12 2114
12 3906
12 2220
12 246
12 1486
12 4084
12 2680
12 974
12 1246
12 1784
12 3530
12 3098
12 3736
12 2244
12 12
12 374
12 1098
12 1060
12 3648
12 214
12 1284
12 2344
12 3046
12 766
12 374
12 2618
12 48
12 1116
12 732
12 3648
12 1078
12 3594
12 2544
12 2212
12 1012
12 542
12 456
12 2048
12 2848
12 650
12 3646
12 2390
12 686
12 338
12 3010
12 2692
12 2752
12 3186
12 322
12 2826
12 2202
12 1388
12 2632
12 214
12 3388
12 462
12 162
12 3312
12 796
12 198
12 344
12 2386
12 626
12 2974
12 266
12 1166
12 3566
12 1116
12 1788
12 3750
12 776
12 1526
12 3866
12 498
12 1080
12 3682
12 3006
12 3454
12 1172
12 2272
12 1530
12 1502
12 1094
12 2154
12 2682
12 1080
12 1810
12 4064
12 1810
12 646
12 3434
12 3400
12 3368
12 1176
12 2718
12 642
12 2122
12 1152
12 620
12 1290
12 3534
12 2752
12 2160
12 3158
12 1922
12 948
12 676
12 2658
12 3918
12 212
12 878
12 3654
12 694
12 402
12 3904
12 3266
12 120
12 2064
12 398
12 2166
12 3756
12 864
12 1294
12 3262
12 2512
12 1446
12 742
12 1120
12 810
12 986
12 3962
12 3946
12 962
12 3126
12 3910
12 2446
12 1616
12 2900
12 1892
12 2446
12 4
12 1516
12 2014
12 1350
12 166
12 1204
12 498
12 2270
12 2560
12 3454
12 2662
12 1616
12 150
12 3232
12 1464
12 1678
12 3770
12 1782
12 2854
12 1792
12 606
12 1692
12 818
12 4026
12 718
12 3388
12 1314
12 2890
12 82
12 3424
12 3602
12 3990
12 3498
12 1054
12 2750
12 3650
12 1130
12 3436
12 108
12 1198
12 2762
12 3778
12 3966
12 3184
12 90
12 3438
12 1766
12 3148
12 1582
12 3428
12 794
12 1250
12 3992
12 746
12 1732
12 864
12 448
12 1220
12 2424
12 2782
12 1524
12 3632
12 1158
12 3168
12 1692
12 2828
12 3624
12 1046
12 1124
12 3102
12 162
12 3990
12 3124
12 1082
12 3074
12 1376
12 1634
12 834
12 3038
12 2964
12 1414
12 960
12 2362
12 2572
12 1980
12 1302
12 1212
12 3816
12 3340
12 2688
12 2716
12 4046
12 2494
12 2094
12 2508
12 888
12 4044
12 2286
12 3732
12 402
12 3148
12 4054
12 712
12 1932
12 1790
12 612
12 2574
12 626
12 1660
12 2118
12 3670
12 3964
12 3026
12 2206
12 1082
12 288
12 3038
12 2304
12 266
12 1456
12 1720
12 1022
12 1412
12 658
12 496
12 538
12 3822
12 3126
12 1930
12 3550
12 680
12 1884
12 2662
12 1964
12 1218
12 726
12 1078
12 1230
12 1786
12 3562
12 1508
12 2140
12 2780
12 2916
12 3848
12 696
12 1728
12 4042
12 1990
12 1746
12 2294
12 866
12 3368
12 1980
12 2782
12 166
12 3726
12 666
12 1712
12 772
12 1712
12 2224
12 3728
12 3056
12 3138
12 3120
12 2214
12 3690
12 3536
12 2394
12 860
12 2510
12 3128
12 2050
12 3172
12 2912
12 4
12 1172
12 2872
12 2892
12 2736
12 1238
12 2062
12 3016
12 2480
12 3764
12 3054
12 2946
12 3322
12 2154
12 1948
12 2836
12 776
12 1596
12 1712
12 1356
12 1352
12 1468
12 1944
12 2816
12 3602
12 3098
12 1498
12 2460
12 1590
12 1450
12 2820
12 1762
12 1264
12 1020
12 3848
12 2336
12 3498
12 3828
12 1476
12 12
12 720
12 3374
12 2770
12 1186
12 1696
12 826
12 2912
12 54
12 2560
12 2328
12 1158
12 2764
12 2038
12 1910
12 318
12 3842
12 278
12 1944
12 3068
12 3718
12 642
12 260
12 2190
12 3112
12 1462
12 2736
12 2716
12 384
12 1776
12 1730
12 2842
12 562
12 1924
12 3414
12 2556
12 3462
12 1748
12 1614
12 2314
12 3612
12 2440
12 3278
12 12
12 3772
12 3906
12 2236
12 4020
12 1936
12 1810
12 3358
12 2630
12 708
12 802
12 1106
12 1886
12 392
12 718
12 3576
12 2264
12 2982
12 2076
12 286
12 1826
12 3216
12 2380
12 4020
12 3138
12 684
12 3974
12 76
12 2496
12 88
12 3498
12 2686
12 528
12 1268
12 3944
12 1630
12 1934
12 1360
12 1880
12 4072
12 226
12 2934
12 3844
12 3224
12 3652
12 2142
12 3662
12 342
12 392
12 1568
12 2840
12 3386
12 144
12 1244
12 2716
12 3052
12 918
12 1296
12 2900
12 162
12 4022
12 450
12 2212
12 2778
12 3724
12 2512
12 2124
12 1776
12 3468
12 2072
12 3960
12 3778
12 2140
12 3766
12 1416
12 460
12 3162
12 1652
12 3834
12 2376
12 1392
12 3196
12 2070
12 3182
12 128
12 556
12 3838
12 648
12 2462
12 1522
12 3538
12 2812
12 1272
12 1112
12 2430
12 570
12 2712
12 2682
12 3754
12 1010
12 902
12 2604
12 2470
12 1616
12 3436
12 2664
12 3360
12 3646
12 2914
12 3120
12 2578
12 2740
12 3566
12 2470
12 3704
12 2702
12 762
12 1774
12 2478
12 158
12 658
12 2854
12 1826
12 2654
12 1562
12 2972
12 1088
12 86
12 600
12 316
12 1784
12 988
12 2220
12 1386
12 766
12 336
12 1296
12 1964
12 1800
12 3744
12 4012
12 1324
12 1794
12 2212
12 1718
12 768
12 2736
12 1266
12 1948
12 2380
12 1468
12 540
12 336
12 2508
12 784
12 3958
12 698
12 2556
12 4014
12 3108
12 3870
12 58
12 314
12 2014
12 2078
12 1940
12 162
12 1470
12 3994
12 694
12 48
12 3592
12 1836
12 3520
12 3384
12 3908
12 2092
12 3614
12 2120
12 820
12 3166
12 1724
12 870
12 3216
12 464
12 302
12 3006
12 3254
12 3482
12 3984
12 368
12 2554
12 766
12 3524
12 1568
12 1704
12 206
12 2608
12 2914
12 1062
12 1316
12 1528
12 538
12 2258
12 3980
12 2474
12 10
12 3586
12 2612
12 902
12 538
12 3082
12 2426
12 1058
12 2610
12 2308
12 1554
12 2916
12 2350
12 1234
12 442
12 2658
12 2108
12 102
12 2106
12 3724
12 2254
12 862
12 3450
12 2554
12 1030
12 3014
12 3768
12 3002
12 84
12 542
12 3908
12 602
12 1726
12 990
