3000
12 2461
11 149
10 926
12 3336
12 2445
12 2485
12 3050
12 3978
11 1131
11 70
10 288
12 2950
10 523
10 419
12 927
12 3714
12 4081
12 3097
10 927
9 254
12 2368
11 1347
12 1590
11 271
12 3170
12 554
12 1717
12 3137
12 2817
11 1110
12 2351
10 156
12 2364
12 592
11 978
12 2949
12 1740
11 1263
12 3343
12 1488
12 2576
12 3070
12 3310
11 691
12 837
8 128
12 3305
12 1486
11 80
12 1860
12 3426
12 1517
12 2318
10 322
12 3045
12 2148
12 4043
12 1085
11 937
12 3186
12 4055
12 2444
12 2805
12 177
12 1309
12 2781
12 3245
12 2183
12 2282
12 2378
9 99
9 505
12 3338
12 3021
12 3124
12 2818
12 3814
10 1015
11 276
12 3084
12 3700
11 72
11 1371
9 360
12 2601
12 146
12 1847
11 1042
12 682
11 1962
12 2363
12 2379
8 206
12 2835
12 911
9 476
11 1984
12 3920
11 52
12 4090
12 4052
9 465
12 3749
12 3478
12 2382
12 1055
12 2450
12 2899
12 914
10 1019
11 1741
12 1928
11 2006
12 568
11 1300
12 3249
11 1863
12 1502
10 688
12 1701
12 3109
12 1386
12 2410
12 1334
12 3148
12 3087
12 2990
11 1648
12 1636
12 748
12 3705
11 364
11 859
12 4074
11 1650
11 1701
12 3395
12 3386
12 2363
12 2839
12 2929
9 330
12 1197
12 455
12 1253
9 127
12 3192
12 2164
12 3078
9 342
12 1189
10 426
12 2462
9 486
12 1415
12 2365
12 3428
9 76
12 2139
11 728
12 1312
12 3406
12 2536
12 4090
12 505
11 87
12 2804
12 2575
12 2275
11 1542
6 28
11 1667
12 2017
11 1120
11 908
12 2194
12 2493
11 1625
12 2962
10 675
12 3420
11 432
10 376
12 4093
12 3263
11 1293
12 4018
12 2602
10 355
12 1744
12 4025
11 1676
10 523
12 3166
12 3923
12 1800
12 135
12 3015
12 728
11 633
12 2857
12 944
12 3207
12 2658
11 126
8 244
12 2844
12 2191
9 106
12 3237
10 580
12 3584
12 852
12 4076
12 1254
12 3621
12 2280
12 1881
12 3294
12 1719
12 3371
12 2581
12 743
9 285
12 1628
12 2677
12 2838
12 3458
12 3523
12 3471
12 2532
10 649
12 3918
12 1899
12 1674
12 3427
12 2387
12 702
12 3575
12 3991
11 1909
11 801
12 1334
12 904
12 1267
10 456
11 1373
12 3311
12 2310
12 3723
12 1776
11 949
12 3591
12 3564
11 280
12 3741
12 1123
12 1262
12 2005
12 2934
12 2850
11 689
12 3089
12 3833
12 2218
12 3347
12 186
11 1104
10 949
12 443
12 2095
12 535
10 930
12 3197
10 109
12 3442
11 1424
12 3355
12 3336
11 1046
12 1276
12 2928
12 2037
12 2677
12 3940
12 2434
7 63
10 154
12 1702
10 212
12 4000
11 1388
12 1655
11 1467
12 3172
10 349
11 1484
12 2755
12 3894
12 630
12 2887
12 1845
12 4087
12 1094
11 283
12 2711
12 3653
12 2170
12 2951
12 3100
11 1832
11 1940
12 271
12 2183
12 1637
12 1451
7 65
10 743
12 521
11 1234
12 3968
12 3928
10 125
12 2614
12 3333
12 2875
12 2867
11 695
12 3564
11 1957
11 1491
12 2586
12 3267
9 288
12 3588
12 3820
11 1040
10 575
11 1211
12 2236
12 3343
12 3330
10 515
12 3135
11 1144
12 3302
12 1389
8 24
12 2796
12 917
12 3288
12 758
12 649
12 2114
12 3173
12 3996
12 2516
12 3166
12 2643
10 706
11 1307
12 2044
12 3381
11 1068
12 833
11 1464
10 171
11 1699
11 1096
11 1260
12 2257
12 3622
12 3989
12 2728
12 3278
11 692
12 3909
11 504
11 1347
11 1469
12 3519
12 2605
12 3012
12 3581
12 2662
12 3659
10 421
12 1065
11 591
12 1525
12 577
7 112
11 1128
11 1212
12 3484
12 2566
12 1233
12 1549
12 2765
10 817
12 1448
11 801
11 1850
12 3429
12 2911
12 2273
11 1160
12 1466
12 3901
10 666
12 2907
12 2215
8 162
12 3213
12 2549
12 3667
12 2028
11 1835
12 2874
12 2458
11 1388
12 1334
7 101
12 3272
12 3202
12 4043
12 3691
12 2202
8 225
12 3172
12 2494
12 3309
11 912
12 1709
9 264
12 2486
12 3069
11 1310
9 326
12 1727
11 1420
11 857
10 868
10 727
12 4057
12 2395
12 2613
11 1820
10 857
11 876
12 2559
12 2664
12 2338
12 3392
8 113
12 2090
11 788
9 214
11 1113
12 3358
12 3740
12 3977
11 1160
11 1272
8 183
11 989
10 274
9 14
12 2737
11 847
12 1751
11 1791
9 507
12 3698
12 1668
11 1671
12 2446
11 917
11 693
10 679
11 1507
8 136
12 4079
11 1023
12 3296
12 2433
12 4039
12 3855
12 2109
11 1481
12 961
12 4057
10 790
11 930
12 2264
11 1303
12 4025
10 66
12 3159
12 1308
12 3263
12 3255
11 828
12 3766
12 1844
12 3830
12 478
11 1096
12 2010
12 2215
11 1273
12 3321
6 43
12 445
12 3091
12 4064
12 3344
10 201
11 762
12 1151
7 27
11 881
12 3861
11 705
11 203
12 2469
12 3043
12 2124
11 218
11 286
12 1573
12 1161
12 1423
12 3412
11 1385
10 572
12 2008
11 2010
11 1929
12 1725
12 2692
8 152
12 1883
12 2161
12 2683
12 2247
11 1470
12 2616
12 3891
11 722
10 801
12 2200
11 298
12 3622
12 2006
12 2681
12 2396
12 1678
12 3163
12 2579
12 2823
12 1397
12 1072
12 2558
12 3907
12 1388
10 286
10 26
12 2516
12 2545
12 2785
12 3858
11 1361
11 1656
12 2298
12 3357
12 3505
12 2744
12 2252
12 3014
12 1097
12 1646
12 1977
12 466
12 3095
12 1420
12 511
12 1048
12 2854
12 462
12 1892
12 4065
12 2476
12 3406
12 2522
11 795
12 2577
11 1533
12 242
12 1051
12 3669
12 3707
12 3902
10 978
12 1806
9 351
12 2114
12 1636
12 3355
12 3970
12 1424
12 2748
12 2217
11 495
11 682
12 2336
12 3286
12 2763
10 684
12 637
12 1334
11 1148
12 2619
12 3252
12 3208
12 3055
12 3991
12 3694
12 980
12 2777
12 2548
12 673
12 1382
12 2077
12 2277
11 1151
12 127
12 1862
12 3239
10 507
12 1261
12 2492
12 2475
12 2048
8 144
12 3940
12 2814
12 3153
12 3121
12 2865
12 2804
12 2158
12 2627
12 3763
12 379
12 1458
12 2849
12 2991
10 299
10 595
12 2766
12 3890
12 3628
12 1809
11 1701
12 2167
12 3400
12 3351
10 1002
12 2729
11 1245
11 1685
12 3887
11 119
11 306
11 67
11 1844
12 1044
12 31
11 1126
10 552
12 613
12 2617
12 1977
12 2175
10 781
10 679
12 3839
12 2234
12 3972
11 1836
12 2275
10 449
12 3116
11 1696
12 1690
12 2762
12 3748
12 3330
12 966
12 1230
12 2861
12 2745
12 2783
8 87
12 3150
11 1677
12 1738
12 3449
12 3470
12 2504
12 1409
12 3953
12 2867
9 30
10 49
12 3240
10 392
12 667
11 1239
12 1178
12 2399
10 431
12 3658
12 1924
11 325
12 3478
9 390
11 834
12 3761
12 3068
12 2319
12 3941
10 992
12 2644
11 1338
12 3571
12 4030
12 1083
10 563
12 1798
12 3176
12 1674
12 3413
11 1608
12 2875
11 1399
12 3148
11 1093
12 2741
11 1622
11 1869
12 988
10 950
2 1
12 4068
12 3150
12 1757
12 3393
12 3546
12 1650
10 161
12 3121
12 3516
12 1030
12 2901
12 2862
12 3402
12 1179
12 3672
12 3953
12 3755
12 2183
12 2660
12 2084
12 3422
12 3437
12 2051
12 4052
12 3869
12 3030
10 422
11 1519
12 1917
11 1025
12 2710
12 2327
11 1965
12 1076
11 1077
12 3009
12 2961
12 1132
12 4018
10 775
12 1976
11 1622
11 715
12 1857
12 2152
11 1231
12 1914
12 3451
12 2774
12 2702
12 2646
12 771
11 1488
12 2117
11 1943
11 1771
12 3051
12 2602
12 3575
12 3064
12 2897
8 123
12 2533
12 1735
12 2636
9 166
11 1841
10 773
10 879
9 417
11 1172
12 2168
12 408
12 1610
12 1590
10 871
12 3777
12 1551
10 597
12 3680
12 2834
11 812
12 2521
12 1542
12 1517
12 3069
10 615
12 2727
12 402
11 1582
12 491
11 543
12 3318
12 2231
10 592
12 3578
12 2626
12 3844
12 3109
12 2621
12 1681
12 3014
11 1603
12 2140
11 1557
11 1558
12 1411
11 237
12 2031
12 4082
12 2854
12 2102
12 3824
11 1326
12 3896
12 3978
12 3777
12 2550
12 2148
12 2093
11 675
12 2332
11 1100
11 1241
12 109
12 746
12 3152
11 1893
12 576
11 1942
12 3955
12 1518
9 326
12 2905
12 2078
12 3226
12 2510
12 2076
12 3041
12 2658
12 1451
11 1693
11 333
12 1259
12 2111
12 3821
11 2031
11 259
11 780
10 1009
12 2865
11 246
12 2394
12 577
12 2070
11 1886
12 3174
11 1525
10 393
7 94
12 3320
12 4010
11 673
12 3155
2 3
11 1981
12 3290
12 1417
12 2661
12 3280
12 3719
12 3359
12 4082
12 4034
10 277
12 1296
12 2930
12 700
11 1385
12 2988
12 2697
11 604
10 745
12 3479
12 2669
12 1457
12 647
12 3148
12 3173
8 243
11 1775
11 1622
12 2539
12 3380
12 2148
12 2694
12 2562
12 1616
11 157
10 785
12 1908
12 3187
12 3214
11 1898
12 515
12 2818
11 447
11 930
12 3436
12 2634
12 1840
9 101
12 3194
12 2241
12 1394
12 3609
11 1718
12 3221
12 777
12 499
12 3637
12 2035
12 2629
8 54
12 2300
12 3984
10 701
12 3134
10 633
12 1181
12 1044
12 1028
11 1254
12 2125
10 402
12 891
12 2357
12 3379
12 2203
12 3005
12 2660
12 3352
12 2336
12 2534
11 1208
12 2470
12 2968
12 2075
9 105
12 3569
12 3028
12 2752
11 654
10 652
12 2477
12 4032
12 2782
12 2474
12 3916
12 3867
11 1823
12 2214
10 508
11 1960
12 2500
12 2158
12 2564
12 3579
11 1005
11 907
12 3975
12 2675
12 2143
12 3248
11 411
12 4041
12 3877
9 264
11 605
12 4065
11 1938
11 1822
12 1562
12 3336
11 1015
12 2453
12 4011
12 2379
12 3646
12 1059
12 3080
11 606
10 102
12 2320
12 2213
11 1060
12 2741
12 1087
12 3549
11 296
12 2277
10 632
12 3959
12 1027
10 722
11 1330
12 2018
8 73
12 3062
12 1235
12 2917
12 4038
12 2333
12 3506
11 1228
12 3859
12 3594
12 2369
12 2303
12 3666
12 1077
12 1641
10 888
12 4092
12 3586
11 664
12 2117
11 1830
12 2803
12 3635
12 2747
12 4070
9 207
12 1513
12 3034
12 3739
12 2610
12 2480
12 4024
12 3438
12 2600
12 1534
12 3500
10 445
12 4046
12 2817
12 2826
11 1642
10 648
12 1245
12 3143
11 1049
12 3404
11 473
12 3165
10 510
12 2627
12 1027
12 3248
12 1032
11 1903
12 1802
10 762
11 1322
12 3572
12 3663
12 2446
12 3046
11 232
12 3720
12 3582
12 2400
11 1402
9 342
12 3237
12 1300
12 3024
12 2005
12 1613
12 2758
12 528
12 3867
12 2030
12 987
12 1367
12 3814
12 2590
12 471
12 3639
12 1474
11 516
12 2288
12 2753
12 1735
12 3064
12 2554
12 2287
12 3655
12 2454
12 2761
12 951
12 3327
12 2069
11 1506
11 268
12 2976
12 1962
11 1008
11 947
12 3277
12 2508
12 3207
10 547
12 4068
11 1586
12 3568
10 852
11 1070
12 2447
12 3211
12 3807
12 1171
12 1893
12 2280
9 50
11 1462
11 555
12 3975
12 1662
12 3104
12 433
12 2415
11 1735
8 88
12 1432
12 3705
12 3532
12 3880
10 715
11 1434
11 1703
12 2979
11 1041
12 1772
12 509
12 4092
12 3710
7 62
7 5
12 1415
12 3536
11 1406
12 3775
12 2506
9 273
12 3303
11 1253
11 525
12 2469
12 1723
12 4067
12 3309
12 2043
12 2892
10 278
12 2582
11 1146
12 3628
12 3884
9 127
12 463
12 2492
12 3890
12 560
10 231
12 2335
12 2391
12 3986
11 1961
12 2769
12 2409
12 3250
11 1546
11 677
11 1930
12 2071
12 3708
12 1360
12 4002
11 1134
11 1026
12 3630
11 1784
12 3994
10 223
11 369
12 3838
9 456
12 1569
12 2140
12 3376
12 2583
12 2918
9 236
12 2509
9 472
12 2690
12 3420
12 2179
12 2901
12 940
12 2225
12 3097
12 3346
12 2138
12 65
10 1015
12 1419
12 718
12 3194
12 2711
12 3984
12 2567
12 3117
11 1628
11 976
11 582
12 2752
12 1527
12 3528
12 2559
12 3564
11 935
12 1792
11 1051
12 2835
10 173
12 2364
11 1536
11 1177
12 2407
12 1594
11 1120
12 1673
12 1544
12 2247
12 3505
12 3072
12 1549
12 3540
11 1575
12 3632
12 2488
12 386
11 1999
12 3445
12 2649
12 3884
11 1310
12 2197
11 1171
12 2119
12 2710
12 2217
12 3164
11 1332
12 1190
12 2498
12 3351
10 829
11 1455
9 360
11 1132
12 265
11 650
12 2150
10 696
12 3170
12 3950
11 1169
11 1308
11 1731
11 248
11 1143
11 2028
12 2402
12 4024
12 2069
11 837
12 3079
4 13
9 170
12 2432
12 3437
12 4006
11 1561
12 2370
12 2876
11 1029
10 431
12 3440
12 4014
12 1164
11 849
12 1466
12 484
12 2545
12 4066
12 368
10 510
12 2475
12 4008
11 1375
12 2771
12 2321
12 3153
12 3943
12 3400
11 1381
11 384
12 713
12 1788
10 530
12 3989
12 3465
12 846
12 2870
11 981
11 520
12 3992
12 2540
10 187
10 254
12 2764
12 2287
12 3699
11 855
12 2236
12 2273
12 3586
12 1305
12 2543
11 1105
12 55
12 3049
10 701
12 926
11 1789
10 623
12 1336
12 1027
12 2455
12 3949
12 3485
12 3592
10 977
11 721
12 2341
12 2618
9 422
11 2016
12 2306
11 569
12 3217
11 1852
12 2220
12 1406
12 1411
12 1703
12 1694
11 1562
12 3660
12 3510
12 2244
12 478
12 1829
12 4034
8 194
10 482
12 3790
11 1025
12 3552
12 2054
12 3256
9 276
12 2878
12 1670
11 823
11 638
12 2229
12 3938
11 1448
12 3627
12 3297
11 1078
12 1035
12 2249
12 3100
12 1348
12 2895
12 3757
12 3319
12 346
12 805
12 3367
12 2556
12 10
11 284
12 596
12 3582
12 1412
10 661
12 1343
6 28
12 1811
12 2091
12 2338
12 1175
12 3286
12 2084
12 3413
12 3835
12 3776
11 1044
12 3406
12 2969
12 3358
12 3763
11 2047
12 3501
12 166
12 3515
12 3203
4 5
12 1681
12 1238
12 3337
12 2731
11 1715
12 4072
12 3811
12 3320
12 2101
8 140
12 2688
12 2919
10 392
12 2390
12 2175
12 1700
12 3109
12 4046
9 501
12 3908
12 3719
12 2810
12 2787
12 2487
12 3461
12 1052
11 1698
12 2407
12 2088
12 2776
12 2385
10 298
11 1150
12 2304
12 3523
12 1479
10 531
11 1160
10 975
12 3705
12 1007
10 299
12 3728
11 1056
12 2714
10 463
12 2043
10 136
12 1096
12 1150
12 3247
12 2224
12 3212
12 3853
12 2518
11 1271
11 1973
12 2926
11 417
12 4058
12 3870
12 2579
12 98
12 2938
12 1900
12 2740
11 1512
12 2064
12 3434
12 874
12 3975
12 596
11 738
11 303
11 1717
12 2651
9 317
12 2295
12 3590
9 155
12 1582
12 3968
10 368
12 3397
11 1473
12 593
11 857
12 3320
12 3185
12 3316
12 3785
12 159
12 180
12 1953
12 2809
12 1391
11 1893
10 706
10 45
12 3077
12 2786
11 257
12 2609
12 1298
9 416
12 2568
12 4055
12 710
12 3198
12 3087
12 2271
11 960
12 1405
12 3169
12 2459
12 2679
12 2192
12 2618
11 904
12 3532
12 3663
12 1526
12 2709
11 1418
12 3419
12 3803
12 3872
11 199
11 1026
12 2999
12 3255
12 2605
12 1213
12 1236
11 877
11 1438
10 804
11 1977
10 519
11 1413
11 1138
12 2935
12 3269
11 762
12 2646
12 543
9 370
12 3974
12 2210
11 1226
12 3911
12 2751
10 868
12 2785
12 3689
12 1851
12 1182
9 292
11 706
12 945
12 2472
10 295
12 3013
12 3477
12 3666
11 1759
12 2262
12 1468
12 1350
12 3952
11 983
12 589
12 2134
8 174
12 2314
11 1796
11 358
11 1766
12 994
12 722
11 1979
12 2820
12 841
11 1368
12 3674
12 970
12 2408
12 2899
12 2826
11 834
12 1309
12 3700
12 3199
12 2842
12 3169
11 793
12 2856
10 533
11 1469
10 890
12 2319
11 164
11 156
12 775
11 75
12 2172
10 503
11 18
11 1553
12 3841
12 2775
12 1776
12 2539
12 2936
12 3946
12 2589
12 2069
12 3875
12 3083
9 218
11 1309
12 3538
12 3576
9 205
12 199
12 2264
11 374
12 2063
12 2910
12 3350
12 2897
12 2229
12 2737
12 2541
12 1410
12 3303
12 1305
11 1035
12 3521
12 1432
10 585
7 28
10 517
7 63
12 1599
10 950
11 1681
12 1292
12 2529
12 2353
12 3981
12 3160
12 2097
12 1054
12 2784
12 3707
11 614
12 985
12 1913
12 734
12 3949
12 2402
12 2734
11 261
12 2919
12 2190
12 3321
12 286
9 489
11 1952
12 3477
12 2965
9 309
12 4053
11 1157
12 3681
12 2639
12 2957
11 1391
12 3536
12 2662
12 4063
12 4015
10 195
12 2097
12 3201
12 2261
12 2209
12 3075
12 3156
12 2074
12 32
12 2184
10 813
11 935
12 2848
12 3418
12 2798
12 2212
12 1471
12 3885
11 2041
12 3683
12 2711
11 1783
12 3871
11 1021
11 417
10 409
11 967
12 2527
12 1378
11 1604
12 1569
12 1384
12 1203
11 631
9 265
12 973
11 1104
12 2632
10 443
12 3032
12 2523
12 3788
11 1093
12 3536
12 3013
11 1563
11 1322
11 1634
12 2182
10 171
12 2653
11 1094
9 440
12 3524
12 2672
9 365
12 3941
12 533
11 696
12 860
12 2665
11 1899
9 487
12 2617
12 2221
12 1997
11 653
11 1576
11 88
12 1189
12 3968
12 272
11 1132
12 3551
12 2374
12 3595
10 124
12 3700
12 1359
12 2401
12 1323
12 2520
10 819
12 2138
11 1993
12 3352
12 692
12 3144
12 1248
10 86
10 73
12 3899
12 1639
12 2915
12 3061
12 2180
10 796
12 3223
12 3493
10 697
12 3974
12 3763
11 920
12 2451
12 714
10 970
9 336
12 1162
12 3990
12 2899
11 1483
12 2899
12 3612
10 674
11 1257
12 2709
12 1259
11 2029
12 2160
12 882
12 3380
8 142
12 2517
12 1592
12 3801
12 1495
12 2966
10 564
12 2751
11 1693
11 1821
11 1649
12 3286
12 1821
11 386
12 2846
12 2928
11 524
12 4062
12 2801
12 3504
12 3017
12 3119
12 754
12 1985
12 587
10 865
12 4073
11 1884
12 2874
11 1685
11 688
12 3684
11 1341
11 1953
12 3725
11 589
11 1405
12 3575
12 1745
11 690
12 2772
11 425
11 1122
12 3358
11 1892
12 3470
12 4095
11 727
10 569
12 4064
12 2996
12 1262
9 478
12 3716
11 940
12 942
10 940
12 784
10 576
10 978
12 3714
12 2747
12 1142
12 2748
12 3433
11 1471
5 13
11 644
12 1749
12 555
12 2941
12 2892
12 2679
5 31
12 2680
9 225
12 3247
10 107
10 595
12 1992
11 1831
12 3352
12 2697
12 4063
12 2949
7 98
12 258
12 3442
12 2001
12 2120
11 1300
12 2364
12 2899
12 599
12 862
12 3617
12 2859
11 752
12 3833
11 1497
12 3087
10 605
12 2464
12 4041
11 1341
11 1481
11 1763
12 3657
12 3696
8 127
12 1520
10 908
11 1367
11 1001
12 2395
12 3921
12 1044
12 3055
12 1772
12 3191
11 1903
12 533
12 1124
11 1398
12 2848
12 3835
12 483
12 2052
9 479
12 3134
12 2814
11 1222
12 2778
12 1324
12 4023
12 3345
12 3511
10 708
12 899
12 3156
12 3805
12 3123
12 3704
8 181
12 3700
11 1595
11 56
10 478
12 2697
12 4037
12 3030
12 1283
12 1769
11 1477
11 1446
10 338
12 2356
11 1902
12 3472
9 257
12 2530
12 4005
11 1550
12 1123
10 336
12 2692
10 504
12 1106
12 1325
12 2483
11 653
12 2471
12 3145
9 441
12 2312
12 3371
12 1515
12 85
12 936
12 2493
12 2204
11 78
12 3675
11 976
12 2501
12 2190
12 3425
11 1076
12 2552
9 367
12 3269
10 780
12 2305
12 2220
12 3913
12 3507
10 390
12 2132
12 3768
9 235
12 3963
12 2432
11 1683
9 164
11 1643
12 2170
12 928
12 1271
12 2839
12 1278
10 1008
11 1920
12 733
10 341
12 2353
10 560
10 632
12 3923
12 4003
12 3846
12 3010
12 2799
12 1194
11 764
12 2198
9 467
12 1244
12 1858
12 2063
12 1603
10 901
12 2516
12 3361
12 378
12 3290
12 2843
12 2111
12 501
12 1496
8 138
12 2148
12 1266
12 1043
12 3373
12 1285
12 2000
12 2074
11 618
12 2710
12 2390
10 774
8 131
12 3794
12 4071
12 2604
11 1737
12 3125
12 2214
12 3868
12 3603
12 3952
12 2832
12 2419
12 3275
11 208
12 3524
12 2122
12 2601
12 2793
9 454
12 2857
12 3988
11 1797
12 2711
12 1107
11 536
11 1390
11 1020
12 2753
11 764
12 2873
11 1881
9 324
10 1008
6 24
12 2544
12 2828
12 2882
12 3390
12 1534
12 3943
12 3027
12 2159
12 3452
12 2596
12 831
12 1973
12 2167
12 2575
12 2283
11 1614
12 2729
12 2900
12 3608
12 2252
6 49
12 3625
12 3610
12 3323
12 2720
12 4054
11 1763
12 3033
10 547
12 3411
12 3183
12 3029
12 2683
12 3297
12 1942
12 2425
11 1562
8 72
10 344
12 3151
12 3730
12 327
12 3429
12 2536
12 2150
12 3081
12 2181
10 631
12 2738
12 637
11 1145
11 876
11 842
11 1578
12 1079
11 1533
9 38
12 231
12 2869
12 2437
12 2552
9 145
12 2723
12 3103
12 2614
12 3659
12 2837
12 2419
12 2129
11 1138
10 662
10 157
10 418
12 2315
12 3669
11 917
11 1510
12 1795
12 3235
12 2654
12 982
11 1390
12 1942
12 1664
12 3692
12 2217
12 2068
12 2057
12 3816
10 953
12 1932
11 1786
12 2952
12 3009
12 3408
7 56
12 4090
12 2961
12 2753
9 0
12 1906
11 2017
11 1030
12 3337
11 1586
12 2488
12 452
8 200
9 333
5 13
12 3428
12 2538
9 135
11 1648
12 1766
12 2827
12 2514
9 357
12 3639
11 1417
11 1067
12 1649
12 3588
12 3819
12 3731
12 2600
12 3663
10 982
12 3616
11 946
11 1856
12 2662
11 1485
12 3983
12 1270
12 1226
11 1791
12 4010
12 3920
12 1646
11 392
12 3488
12 1027
12 2190
12 2275
11 1577
10 346
12 1118
12 4060
12 3691
12 2253
12 1743
12 2693
12 2385
10 157
11 335
12 4040
8 210
12 602
11 2013
7 114
11 917
12 3142
12 3537
12 2094
9 124
12 1596
12 3073
12 1603
11 1006
12 1545
12 4000
10 705
12 2728
11 793
12 2517
12 1738
12 2760
12 1302
12 925
12 2494
12 2473
12 2369
12 3660
10 727
12 2437
12 1063
12 2914
11 1616
12 2623
12 2249
12 2555
12 1447
12 4047
12 2386
12 2847
12 3604
9 241
11 698
12 2151
12 450
12 3692
12 2141
12 3805
12 1646
12 864
11 1132
11 884
4 8
9 442
10 1002
12 552
12 476
12 3489
12 3111
12 1204
10 197
11 723
12 2181
12 3055
12 3741
10 657
12 799
12 861
11 1663
12 2508
9 113
12 2034
12 1408
12 2703
12 1748
12 1336
12 2319
12 1532
12 3280
11 129
12 2664
8 111
8 110
12 3657
12 837
12 2309
12 3999
12 1272
12 2894
12 1493
12 3482
12 2840
9 493
12 2908
10 111
10 993
8 171
12 2759
12 2080
12 2872
10 517
12 3991
12 2186
12 3567
12 3533
11 1743
12 3678
12 3162
12 1975
12 3585
12 2131
12 1123
12 3592
12 3627
12 3410
11 588
11 1505
12 96
12 2221
12 2540
12 3758
12 3153
11 743
12 3181
12 1330
12 3872
11 1777
12 2134
12 3970
12 3500
12 1759
12 624
12 3672
12 3432
12 3628
12 2839
12 3119
12 2584
12 1830
12 2618
8 59
10 451
12 4053
12 3705
11 1765
9 35
12 3461
12 3646
12 2398
11 1782
12 2387
12 3139
12 3170
12 2388
12 3089
12 4010
12 3859
12 514
12 1011
10 292
12 4021
12 3653
12 1728
12 3242
12 2915
9 254
12 3286
12 563
12 3207
12 2394
11 854
12 2380
12 2388
12 1508
12 573
12 3308
12 3760
12 1936
11 2006
11 1717
11 1343
11 104
10 100
12 1395
12 727
12 2104
12 3811
10 717
12 4031
12 3576
12 4077
12 682
11 1772
11 1407
10 945
12 2970
11 401
11 1883
10 71
12 1828
12 2019
12 1414
10 275
12 3203
11 1201
12 484
10 302
11 955
11 917
11 1478
11 1205
12 2001
12 2435
12 1291
12 2198
12 3859
12 3493
12 2723
11 1133
10 956
11 1741
11 1474
10 946
12 2982
12 763
11 1884
10 819
12 1207
11 1946
12 2333
11 1662
12 2925
12 938
12 3335
12 2261
12 3321
12 2391
12 2432
10 529
11 1617
12 1223
12 3749
12 3212
12 3967
12 2821
11 695
12 482
12 1872
12 2262
12 2895
10 679
12 3182
12 2764
12 3486
12 986
12 1380
12 1613
12 3276
12 676
12 1079
12 2191
12 1745
12 1069
12 633
12 1223
11 1523
12 2846
12 1063
12 1979
12 2799
12 2250
12 3999
11 1264
12 2570
11 440
11 273
12 2149
11 915
8 112
12 3545
9 497
12 4029
11 360
12 2119
12 2569
12 3000
12 2205
12 1251
12 3875
12 3771
12 3964
12 724
12 3145
8 73
12 2397
11 1240
12 3117
12 2564
12 3762
12 1765
12 859
12 2312
12 1016
8 42
12 3770
12 3766
11 1374
8 41
12 641
11 1098
11 1529
12 1240
10 914
11 1428
12 2606
12 660
11 1709
11 1442
12 3678
11 466
9 133
12 285
12 3753
12 3019
12 2666
12 2962
11 836
12 3783
11 321
10 550
12 3322
12 2711
11 1059
12 2744
11 1277
12 3216
11 1226
12 2896
12 3425
12 3370
12 4031
12 3634
12 3754
12 2242
12 2753
12 2569
11 1094
10 703
12 3314
12 3372
12 2348
12 2986
12 3724
11 748
9 337
12 2210
11 1519
11 677
12 3322
12 1456
12 2620
12 2671
12 960
11 1564
12 3531
12 1844
12 2842
10 113
12 2415
12 3389
12 3471
9 509
12 1960
12 1334
12 2114
12 3806
12 102
11 1881
10 503
12 774
12 2970
12 3303
12 2191
12 3031
12 2381
8 106
12 3238
12 2882
12 2758
12 1144
12 2297
12 2339
12 4008
11 1248
12 1659
11 1882
10 870
12 2092
9 379
12 2139
11 1521
12 2170
12 2679
12 2411
12 3945
11 813
12 993
12 3813
11 275
12 2799
12 1653
12 3611
12 2991
12 2853
12 2731
12 3549
12 3943
12 1646
12 2379
11 1606
12 2148
10 658
10 883
12 65
12 922
12 3352
12 1114
12 3565
11 1996
12 2809
12 3815
12 1563
11 668
12 3011
12 2348
12 1834
7 96
12 3148
8 174
12 3524
12 2653
12 1616
9 45
12 2081
12 3002
12 2936
12 561
12 2536
12 3289
12 3828
12 3844
9 452
10 529
12 3364
12 469
11 1436
11 1285
11 1712
11 1994
12 1914
12 2809
12 3195
7 97
12 4015
10 627
8 201
12 2878
12 2975
12 3145
12 2211
10 741
12 4006
10 830
11 1623
12 1901
10 439
12 1850
12 1425
12 2795
12 3158
12 3171
12 2629
11 1238
12 3725
12 3668
11 1999
12 3763
12 941
12 3158
10 672
11 116
12 3272
12 1350
12 3837
10 273
12 2698
12 2610
12 2775
12 3991
12 3379
10 539
12 522
9 121
12 3899
12 2375
12 3568
12 2817
11 1139
11 1635
12 2064
11 853
11 1844
11 1960
11 1239
12 2638
12 260
11 1008
12 3105
12 1760
12 2856
12 400
12 2749
12 1444
12 2430
10 283
12 1643
12 2979
12 981
10 881
12 2815
10 374
11 1760
12 2573
12 514
12 2008
12 3670
12 3197
11 1036
12 2311
12 3759
11 1976
11 1957
12 3154
12 3167
12 3562
12 4088
12 3342
12 1788
11 1474
12 332
11 1020
12 3158
12 2127
12 1080
12 2254
11 1270
12 3008
12 1656
12 2882
11 1391
12 1545
12 2322
12 1885
12 2388
12 3490
12 3336
12 1649
12 1932
11 1223
12 3856
11 1447
10 122
12 2130
12 1220
12 3009
12 3388
10 572
12 3411
8 34
11 1811
11 58
10 664
11 1221
12 3298
12 2492
12 3752
12 2703
12 4079
12 3907
12 2591
12 757
12 2213
12 2313
12 2902
12 3674
12 1688
12 3944
10 635
12 3549
11 1282
12 2503
12 2507
10 603
12 1689
12 2653
7 98
12 3673
9 153
12 3881
12 1893
9 72
12 1324
12 3185
11 545
11 1600
10 550
12 1992
12 3405
12 1928
12 837
12 2141
12 2764
12 1318
12 1139
12 2391
12 3412
10 162
12 4027
12 4039
11 499
12 3731
10 416
12 2305
12 3721
12 1231
12 2585
12 1271
10 741
11 1223
12 2465
12 2376
12 3323
12 1910
12 3768
12 1408
12 1300
12 1195
11 887
7 7
10 829
11 1329
12 3283
12 3402
11 1176
12 3115
11 1991
12 2494
12 2217
12 3607
12 2607
11 1770
11 832
12 2484
12 2623
12 3006
12 2343
