3000
3411 33
3264 32
3335 31
3314 26
3294 43
3293 32
3352 29
3319 26
3397 35
3410 30
3320 37
3269 29
3528 31
3378 36
3350 26
3223 35
3347 39
3391 28
3261 39
3382 22
3369 36
3276 47
3363 37
3353 32
3387 38
3350 31
3510 25
3360 35
3250 38
3316 29
3385 29
3322 28
3320 33
3405 26
3371 32
3376 32
3324 45
3236 27
3283 28
3313 24
3331 31
3362 30
3231 33
3315 36
3336 32
3379 35
3327 30
3279 36
3355 27
3316 36
3316 34
3365 34
3299 45
3313 38
3387 36
3371 33
3384 35
3348 29
3340 23
3253 35
3321 29
3336 24
3340 24
3350 34
3336 53
3315 39
3331 32
3269 38
3428 31
3245 36
3290 29
3322 32
3315 40
3372 40
3261 38
3242 29
3355 38
3182 31
3344 43
3403 43
3301 33
3416 28
3348 27
3349 36
3413 30
3408 28
3493 36
3271 46
3300 35
3441 33
3339 41
3420 34
3265 34
3386 40
3267 30
3324 36
3448 34
3237 28
3310 32
3400 39
3265 33
3285 27
3254 34
3286 36
3377 29
3308 43
3300 31
3231 31
3294 17
3420 40
3376 24
3392 37
3426 28
3353 27
3350 33
3207 33
3303 29
3375 30
3369 27
3248 32
3397 28
3317 29
3372 24
3328 29
3333 45
3351 33
3319 44
3344 28
3382 27
3224 36
3303 41
3331 29
3230 37
3467 40
3300 39
3330 32
3384 20
3364 42
3308 31
3259 29
3282 31
3343 33
3347 39
3234 41
3392 32
3307 32
3309 30
3349 32
3327 29
3372 36
3285 25
3291 32
3386 32
3374 42
3305 36
3282 31
3323 33
3340 24
3306 30
3296 31
3285 38
3317 37
3341 36
3359 34
3249 35
3367 43
3366 33
3342 31
3352 32
3315 31
3317 26
3161 32
3438 28
3280 34
3324 29
3318 37
3442 38
3308 32
3425 36
3371 33
3354 32
3350 31
3289 41
3352 36
3349 29
3324 38
3346 29
3403 34
3355 32
3407 31
3373 29
3388 30
3379 44
3242 44
3305 39
3332 23
3385 28
3171 33
3384 34
3264 30
3305 39
3268 38
3374 35
3328 32
3275 39
3330 26
3314 42
3376 30
3410 32
3426 31
3277 32
3363 24
3317 36
3388 24
3391 29
3282 26
3319 43
3324 24
3412 36
3345 37
3386 37
3306 33
3211 36
3221 38
3375 30
3324 31
3373 28
3341 32
3299 45
3315 36
3360 45
3304 38
3367 27
3347 28
3278 43
3280 29
3424 24
3329 38
3371 29
3267 37
3354 29
3360 39
3234 39
3294 26
3242 32
3334 42
3297 21
3358 22
3225 32
3229 33
3387 39
3366 42
3366 32
3289 33
3337 32
3334 40
3278 30
3369 34
3304 44
3319 30
3158 40
3398 38
3388 33
3234 39
3355 40
3340 38
3335 28
3376 39
3445 28
3329 39
3417 37
3335 34
3390 38
3256 25
3298 24
3341 36
3315 29
3313 28
3362 32
3374 17
3327 41
3353 36
3363 28
3263 40
3405 29
3393 26
3452 18
3311 33
3367 33
3270 38
3343 33
3345 29
3376 36
3434 28
3340 36
3389 25
3311 37
3297 23
3444 36
3315 37
3429 40
3347 25
3248 38
3278 35
3290 34
3375 39
3383 37
3378 29
3287 27
3340 28
3315 36
3425 33
3270 32
3302 40
3343 28
3306 27
3348 40
3354 32
3337 32
3383 32
3294 30
3265 31
3284 42
3241 35
3331 35
3311 45
3288 24
3418 34
3409 40
3344 37
3292 25
3342 20
3366 29
3373 37
3327 33
3325 39
3313 35
3294 29
3377 33
3416 25
3411 35
3291 29
3197 36
3391 26
3318 32
3312 34
3404 28
3320 43
3394 41
3240 35
3376 40
3364 25
3348 28
3430 33
3370 44
3356 27
3301 38
3307 41
3293 38
3266 33
3341 38
3418 34
3287 29
3357 42
3286 29
3366 40
3387 36
3457 35
3306 38
3293 41
3353 35
3211 35
3360 34
3373 42
3282 35
3299 37
3350 38
3306 22
3286 30
3248 38
3299 30
3374 27
3377 34
3370 37
3336 33
3317 40
3217 29
3320 39
3366 44
3375 37
3359 29
3355 30
3322 36
3343 29
3364 36
3396 31
3310 27
3366 32
3295 30
3462 28
3327 42
3280 25
3376 35
3357 27
3341 34
3280 45
3388 33
3387 30
3427 35
3332 45
3363 49
3254 34
3428 37
3308 33
3290 38
3279 36
3312 44
3423 28
3274 25
3394 22
3294 31
3276 38
3374 28
3289 22
3363 26
3378 41
3307 28
3347 23
3467 35
3435 42
3318 35
3296 28
3312 28
3332 26
3341 32
3292 41
3334 39
3275 32
3280 30
3335 35
3297 30
3295 29
3321 31
3381 34
3279 33
3297 35
3393 31
3317 32
3368 28
3295 30
3409 38
3342 18
3316 31
3310 36
3388 35
3276 30
3360 34
3277 36
3385 33
3379 44
3412 25
3319 26
3373 25
3224 37
3421 37
3374 25
3313 30
3335 28
3337 30
3287 31
3267 33
3384 29
3359 37
3323 30
3224 28
3281 45
3311 35
3230 29
3338 39
3405 26
3261 35
3337 34
3253 35
3266 33
3326 26
3358 41
3322 35
3278 29
3283 28
3316 28
3336 38
3351 35
3271 28
3350 46
3348 34
3339 41
3355 26
3332 23
3394 31
3190 39
3322 38
3257 28
3418 23
3275 31
3284 34
3337 31
3327 33
3305 38
3328 23
3342 31
3268 33
3384 33
3299 33
3332 27
3385 31
3471 40
3322 32
3335 42
3455 26
3394 32
3360 32
3313 32
3308 36
3339 21
3381 41
3401 40
3243 37
3249 34
3327 35
3314 31
3363 17
3371 30
3280 36
3413 38
3284 32
3306 33
3252 30
3401 40
3470 30
3310 36
3251 27
3366 34
3419 41
3278 30
3439 35
3349 34
3407 29
3299 37
3370 26
3412 46
3324 33
3337 32
3243 32
3428 30
3260 26
3243 37
3246 31
3447 36
3279 21
3342 36
3423 38
3339 25
3286 30
3425 32
3263 32
3263 32
3340 22
3297 37
3277 40
3370 26
3342 25
3343 30
3332 37
3299 39
3317 32
3359 33
3323 29
3294 46
3395 30
3462 33
3216 33
3339 34
3280 34
3262 33
3311 40
3194 43
3378 19
3352 46
3312 30
3281 32
3276 35
3318 29
3402 28
3323 33
3365 31
3262 36
3205 21
3402 40
3345 45
3314 33
3287 33
3320 38
3383 31
3300 31
3258 30
3293 34
3389 32
3442 35
3396 34
3276 39
3399 33
3359 38
3281 34
3451 39
3396 29
3403 31
3282 30
3247 33
3399 32
3448 35
3355 29
3398 30
3383 36
3370 38
3406 34
3333 28
3249 37
3363 35
3280 36
3288 35
3266 33
3342 41
3324 34
3330 36
3434 31
3328 33
3310 43
3393 26
3278 40
3353 42
3355 32
3323 34
3303 32
3406 38
3279 23
3301 40
3324 32
3239 32
3320 31
3315 40
3191 33
3300 28
3267 29
3315 39
3236 33
3359 38
3296 30
3316 22
3269 32
3329 17
3403 28
3367 34
3310 40
3278 32
3378 35
3342 49
3324 38
3303 40
3398 28
3430 32
3360 42
3264 27
3369 36
3382 36
3309 38
3258 37
3235 31
3314 29
3382 32
3379 31
3382 15
3332 37
3297 34
3328 38
3349 34
3255 36
3351 35
3336 29
3381 32
3270 40
3312 33
3359 43
3349 36
3391 33
3372 31
3255 32
3347 36
3372 42
3330 37
3404 31
3317 36
3343 36
3321 33
3363 31
3359 29
3305 30
3335 27
3312 35
3396 28
3374 20
3411 27
3274 25
3383 38
3323 30
3354 31
3332 34
3253 37
3358 37
3282 36
3369 27
3305 45
3246 27
3271 25
3371 38
3402 33
3453 32
3312 32
3328 38
3341 30
3384 35
3223 25
3344 42
3364 50
3506 41
3373 35
3273 31
3275 40
3296 39
3437 31
3319 31
3359 36
3234 32
3412 38
3306 37
3397 38
3376 38
3487 32
3338 38
3354 32
3301 29
3411 47
3289 32
3317 38
3310 42
3336 27
3254 41
3160 34
3404 30
3274 45
3317 34
3355 40
3293 37
3379 26
3344 41
3354 39
3264 28
3299 35
3363 28
3304 33
3386 30
3312 32
3329 41
3301 32
3333 23
3296 21
3363 35
3335 48
3351 25
3326 33
3241 24
3338 27
3328 32
3372 42
3228 28
3313 37
3272 29
3305 43
3355 37
3330 30
3366 34
3322 32
3286 36
3439 30
3240 38
3280 35
3285 35
3295 30
3351 34
3231 40
3310 15
3291 35
3427 28
3383 34
3347 31
3403 26
3471 24
3338 37
3362 31
3352 39
3362 36
3278 27
3401 43
3409 34
3267 40
3209 39
3464 27
3378 39
3283 45
3328 30
3355 31
3333 41
3393 38
3284 24
3441 32
3413 40
3364 26
3380 30
3301 30
3422 29
3274 40
3335 44
3384 32
3344 28
3413 36
3288 32
3390 40
3315 23
3413 41
3275 42
3291 34
3376 31
3313 36
3321 36
3329 32
3296 29
3298 26
3360 28
3300 33
3332 37
3360 32
3388 39
3339 33
3375 34
3383 27
3326 39
3238 37
3282 40
3314 34
3328 35
3316 27
3374 36
3371 26
3248 22
3364 31
3348 29
3446 25
3405 28
3333 29
3372 33
3334 32
3270 37
3267 36
3331 28
3304 36
3345 47
3360 28
3296 28
3398 42
3334 30
3276 41
3368 37
3172 24
3335 36
3359 23
3290 36
3383 33
3285 33
3407 45
3338 31
3373 37
3291 23
3349 37
3311 36
3307 16
3350 30
3336 38
3308 30
3271 31
3280 28
3302 28
3370 44
3251 35
3384 37
3305 40
3379 31
3449 27
3375 40
3359 28
3349 38
3335 26
3267 34
3395 29
3371 43
3396 29
3350 30
3277 39
3221 30
3296 29
3303 35
3300 27
3329 25
3319 24
3321 22
3335 30
3332 34
3299 36
3283 42
3394 30
3325 30
3262 33
3342 37
3390 28
3289 34
3337 33
3289 38
3264 31
3367 35
3315 35
3273 24
3444 34
3260 29
3254 28
3305 29
3331 34
3366 35
3307 40
3338 28
3363 34
3326 34
3337 34
3288 29
3240 36
3275 37
3346 37
3287 32
3324 24
3368 29
3396 38
3368 40
3294 33
3335 30
3302 34
3461 32
3365 27
3261 32
3352 37
3440 22
3345 40
3342 30
3397 46
3432 29
3249 32
3296 24
3307 34
3327 36
3236 31
3342 40
3363 24
3330 33
3470 30
3344 42
3366 35
3364 35
3306 34
3277 22
3394 29
3272 36
3439 41
3347 37
3320 33
3271 30
3280 30
3349 40
3203 37
3295 26
3298 35
3397 25
3366 32
3409 34
3496 36
3370 37
3208 44
3384 35
3299 27
3351 41
3463 35
3276 39
3442 31
3407 38
3251 51
3316 28
3367 37
3243 27
3360 30
3285 28
3366 39
3385 33
3396 36
3372 28
3304 35
3359 40
3447 41
3313 25
3261 25
3313 31
3400 28
3306 24
3239 35
3319 33
3315 42
3324 29
3395 37
3304 33
3224 43
3342 28
3364 27
3223 29
3355 31
3448 33
3339 32
3302 32
3450 29
3301 36
3207 36
3332 38
3444 37
3387 32
3327 28
3334 37
3324 34
3350 37
3222 36
3323 23
3281 32
3329 36
3195 34
3307 30
3391 26
3492 44
3446 35
3363 56
3366 45
3240 32
3335 40
3332 34
3360 27
3359 33
3348 38
3376 14
3321 36
3381 43
3390 36
3353 25
3376 33
3275 27
3211 31
3359 29
3315 35
3341 37
3457 34
3334 31
3277 30
3379 25
3321 29
3339 39
3324 31
3269 39
3276 29
3399 45
3306 26
3371 37
3388 37
3311 32
3221 24
3341 25
3304 28
3364 24
3319 36
3261 23
3367 27
3284 37
3389 51
3343 39
3324 39
3384 29
3433 32
3300 41
3360 32
3266 23
3447 36
3279 37
3350 31
3322 24
3422 28
3206 25
3463 38
3375 31
3367 38
3310 43
3387 30
3349 30
3327 31
3302 35
3240 36
3428 42
3287 39
3310 31
3270 34
3418 35
3432 35
3431 29
3160 24
3302 36
3393 27
3409 34
3343 37
3379 43
3421 37
3274 38
3396 31
3436 30
3272 29
3376 30
3400 26
3381 27
3442 29
3266 28
3386 28
3352 37
3260 45
3323 25
3248 27
3325 29
3314 28
3360 31
3253 35
3346 31
3361 26
3287 20
3264 44
3352 35
3482 27
3311 34
3424 36
3385 41
3268 26
3317 38
3491 40
3357 34
3349 28
3388 29
3372 35
3302 35
3406 25
3293 35
3282 37
3366 33
3293 20
3305 39
3268 36
3338 38
3328 34
3289 35
3289 49
3271 30
3209 25
3204 26
3369 39
3330 24
3331 34
3368 30
3336 34
3337 38
3316 40
3309 36
3306 35
3363 29
3418 39
3300 27
3360 27
3376 26
3385 26
3236 37
3237 41
3421 32
3402 28
3323 32
3328 26
3329 34
3434 34
3320 36
3337 28
3395 33
3317 37
3389 44
3363 36
3434 26
3349 29
3375 34
3363 41
3348 31
3275 34
3322 44
3357 30
3289 30
3289 29
3246 25
3347 29
3290 25
3329 34
3345 33
3309 28
3495 31
3221 27
3340 29
3337 24
3311 35
3361 29
3387 35
3291 33
3387 33
3260 22
3375 26
3272 35
3396 36
3321 45
3339 42
3274 43
3352 23
3345 41
3237 47
3285 35
3281 38
3309 25
3387 42
3338 37
3260 35
3315 35
3304 21
3303 37
3348 38
3430 28
3293 45
3429 37
3286 29
3368 36
3323 26
3209 34
3327 35
3291 29
3298 30
3428 34
3337 35
3280 38
3332 39
3335 41
3299 41
3406 47
3323 28
3304 36
3391 44
3298 35
3264 39
3313 26
3312 30
3364 42
3406 38
3394 47
3212 38
3419 40
3257 34
3341 33
3412 29
3416 39
3320 34
3339 23
3352 31
3330 20
3323 39
3295 28
3412 38
3378 27
3377 31
3244 29
3253 34
3316 29
3360 29
3408 32
3368 28
3303 30
3346 37
3298 31
3353 46
3283 31
3325 39
3269 40
3320 56
3230 38
3378 31
3372 43
3323 43
3264 34
3325 37
3383 33
3337 35
3331 31
3276 37
3358 32
3330 26
3364 39
3358 29
3348 34
3359 31
3217 36
3356 37
3264 45
3294 25
3353 34
3324 25
3380 40
3354 40
3405 32
3366 31
3258 34
3343 25
3301 27
3300 35
3347 47
3343 39
3371 40
3356 32
3413 39
3293 36
3388 36
3307 40
3200 38
3360 29
3288 32
3271 26
3457 30
3270 29
3344 34
3366 26
3317 28
3267 23
3298 40
3380 29
3326 25
3290 33
3418 32
3335 35
3312 34
3300 28
3278 41
3267 35
3427 46
3329 42
3417 37
3320 41
3216 38
3434 33
3291 30
3336 29
3396 26
3459 34
3416 41
3262 33
3234 33
3279 33
3338 37
3346 36
3471 32
3352 38
3299 34
3307 34
3282 27
3357 29
3303 41
3267 36
3403 37
3284 34
3341 47
3320 30
3243 38
3358 24
3242 30
3284 42
3353 33
3397 46
3272 40
3261 26
3335 24
3340 40
3315 36
3260 27
3270 34
3344 22
3307 33
3293 31
3410 39
3332 36
3274 36
3241 32
3318 31
3319 25
3274 26
3325 41
3445 39
3306 36
3320 31
3254 35
3333 43
3368 32
3413 42
3415 30
3400 31
3226 38
3390 41
3231 32
3298 35
3304 48
3306 36
3401 20
3377 26
3310 27
3391 35
3376 27
3267 36
3357 37
3245 21
3375 28
3333 38
3446 31
3382 40
3336 34
3349 24
3344 30
3327 31
3308 35
3360 35
3284 37
3276 23
3314 34
3202 38
3326 35
3340 36
3453 39
3406 32
3294 30
3262 28
3282 36
3246 30
3323 46
3423 38
3213 43
3375 22
3303 33
3206 37
3378 29
3273 29
3352 36
3228 31
3342 33
3273 31
3312 25
3260 28
3401 42
3380 34
3417 28
3311 37
3273 40
3337 33
3331 34
3301 25
3243 34
3358 28
3413 37
3384 41
3358 34
3299 25
3388 37
3271 47
3316 36
3441 32
3342 40
3388 26
3351 35
3275 30
3331 34
3400 22
3386 29
3328 34
3436 30
3397 31
3357 35
3362 29
3299 29
3350 35
3365 34
3356 26
3429 35
3381 35
3298 30
3303 60
3352 32
3404 39
3244 31
3282 37
3433 39
3393 30
3408 33
3296 25
3314 28
3318 30
3366 38
3258 33
3350 27
3270 38
3266 44
3372 44
3376 39
3188 24
3347 25
3388 27
3267 33
3320 33
3280 32
3419 35
3380 34
3368 26
3328 30
3288 42
3385 25
3382 32
3274 34
3284 35
3338 39
3357 22
3278 30
3211 37
3346 28
3452 42
3326 38
3230 31
3271 42
3336 32
3230 43
3297 27
3364 45
3305 38
3301 24
3293 20
3339 32
3369 34
3420 26
3357 29
3300 33
3367 33
3296 39
3258 34
3286 34
3408 32
3261 32
3221 22
3355 32
3292 40
3346 33
3405 37
3307 37
3341 32
3449 37
3361 32
3319 38
3327 38
3334 27
3394 31
3365 33
3296 26
3299 25
3284 36
3299 30
3329 30
3291 36
3384 33
3325 32
3414 31
3276 38
3357 23
3331 27
3366 38
3341 29
3354 39
3326 23
3328 38
3376 26
3358 32
3328 30
3378 22
3353 29
3311 26
3220 40
3395 35
3369 29
3286 31
3308 26
3431 48
3288 35
3273 36
3302 36
3314 38
3351 33
3296 41
3369 33
3345 45
3442 33
3357 27
3342 24
3509 40
3314 39
3334 35
3280 31
3334 29
3358 34
3349 31
3443 36
3314 38
3314 38
3221 28
3288 31
3392 28
3338 27
3345 29
3426 33
3421 29
3311 26
3276 28
3440 38
3379 34
3365 33
3334 29
3333 39
3294 44
3333 31
3379 33
3320 37
3423 37
3404 27
3358 32
3346 29
3440 27
3216 35
3241 25
3285 27
3366 38
3345 31
3393 33
3355 34
3282 43
3403 32
3330 32
3313 41
3335 32
3266 40
3408 37
3359 37
3395 29
3423 31
3309 30
3306 36
3216 32
3326 39
3260 29
3413 39
3338 35
3294 28
3376 35
3305 41
3307 34
3269 30
3299 33
3393 26
3315 34
3423 36
3339 31
3299 26
3291 30
3407 35
3125 35
3329 39
3405 35
3269 38
3410 30
3292 30
3405 43
3408 27
3306 33
3370 41
3299 30
3310 31
3350 31
3343 41
3323 35
3202 40
3260 34
3250 30
3252 25
3260 37
3394 38
3314 33
3385 39
3389 43
3385 31
3315 41
3464 28
3355 28
3259 36
3428 36
3258 25
3325 29
3330 26
3345 31
3208 34
3322 37
3249 35
3305 43
3318 35
3424 34
3350 25
3353 31
3437 30
3375 30
3285 26
3389 37
3335 41
3233 37
3446 25
3255 37
3306 36
3298 34
3378 39
3306 41
3280 38
3353 35
3280 29
3290 33
3329 38
3247 38
3359 46
3321 34
3412 33
3335 44
3258 40
3201 41
3277 41
3272 34
3333 36
3428 38
3215 32
3359 33
3298 26
3344 33
3303 28
3378 45
3224 23
3387 40
3321 39
3377 33
3289 34
3405 22
3276 36
3247 36
3294 34
3363 35
3247 34
3405 42
3278 43
3267 30
3288 33
3377 35
3358 38
3335 28
3266 36
3278 28
3278 45
3152 31
3266 31
3322 35
3277 32
3302 35
3288 44
3453 34
3320 26
3384 24
3410 24
3401 36
3286 25
3377 30
3413 35
3295 35
3347 33
3382 30
3275 42
3296 28
3325 37
3375 45
3393 34
3416 25
3235 45
3219 40
3239 26
3470 32
3318 29
3365 32
3284 37
3300 49
3287 36
3275 41
3385 26
3370 33
3276 35
3412 38
3316 34
3225 33
3289 34
3304 38
3256 32
3471 34
3292 32
3220 35
3355 39
3264 26
3308 44
3462 33
3361 34
3373 40
3248 31
3342 31
3341 37
3406 33
3288 32
3407 32
3342 41
3311 31
3244 25
3392 30
3317 35
3323 38
3355 35
3302 42
3350 41
3429 21
3357 31
3234 35
3470 27
3362 37
3282 33
3382 39
3313 31
3335 33
3234 32
3255 31
3345 25
3360 31
3266 36
3274 26
3317 29
3243 39
3284 37
3318 43
3359 28
3358 32
3344 36
3282 39
3276 41
3249 34
3316 33
3369 27
3376 44
3363 33
3336 32
3372 34
3285 32
3237 31
3348 26
3362 27
3313 36
3336 34
3326 33
3324 52
3404 36
3381 29
3379 34
3297 32
3313 24
3327 33
3392 38
3259 37
3280 36
3257 37
3279 33
3390 31
3307 24
3311 27
3326 36
3294 42
3420 30
3465 38
3372 34
3315 30
3312 29
3362 39
3360 27
3208 29
3372 32
3273 30
3458 33
3352 43
3435 38
3281 25
3265 34
3387 31
3268 33
3220 28
3319 29
3257 38
3349 31
3336 31
3325 46
3372 40
3269 36
3401 31
3302 31
3389 34
3335 39
3296 28
3421 31
3322 41
3405 36
3297 37
3478 34
3274 45
3393 36
3237 36
3269 36
3346 41
3337 38
3391 26
3376 35
3446 20
3287 26
3325 32
3367 39
3328 30
3260 21
3340 30
3355 38
3256 30
3310 39
3429 31
3363 34
3383 36
3251 29
3329 23
3416 31
3260 36
3268 37
3259 28
3307 22
3305 34
3358 33
3350 37
3374 36
3288 36
3278 35
3413 29
3322 30
3291 31
3397 29
3258 32
3275 35
3323 32
3268 42
3350 34
3210 19
3378 36
3357 26
3312 32
3327 34
3375 36
3412 48
3312 22
3283 39
3354 34
3284 18
3363 31
3442 32
3266 32
3336 41
3269 48
3261 34
3242 36
3328 27
3357 21
3229 32
3291 30
3296 37
3346 33
3269 31
3277 35
3327 25
3428 34
3201 25
3325 29
3268 33
3328 32
3410 37
3347 27
3434 25
3361 30
3303 36
3321 37
3349 33
3418 32
3390 25
3435 32
3249 33
3398 27
3303 32
3298 42
3395 41
3307 41
3391 23
3346 37
3368 46
3411 24
3376 45
3297 40
3250 40
3302 50
3344 42
3304 34
3339 37
3267 39
3305 35
3335 28
3278 24
3381 32
3312 37
3352 23
3378 29
3346 32
3340 36
3316 38
3336 32
3360 39
3305 23
3247 27
3460 31
3383 39
3315 40
3407 39
3385 25
3274 32
3374 37
3302 29
3358 49
3367 39
3407 28
3316 33
3337 31
3347 42
3297 35
3347 46
3217 37
3379 39
3377 44
3339 29
3307 35
3362 39
3432 31
3359 33
3294 37
3372 29
3305 41
3436 31
3326 36
3352 44
3280 27
3343 27
3436 45
3335 30
3339 27
3321 32
3318 29
3323 32
3332 27
3358 38
3397 27
3345 31
3291 27
3348 35
3352 32
3305 39
3443 33
3257 28
3223 36
3317 30
3331 30
3397 33
3308 27
3456 33
3232 24
3363 39
3356 32
3290 32
3329 49
3291 39
3355 32
3379 31
3259 29
3415 34
3258 33
3267 37
3300 29
3473 27
3307 20
3294 25
3334 40
3328 39
3291 33
3342 29
3378 36
3271 39
3298 44
3321 30
3394 32
3255 32
3199 45
3320 35
3223 32
3285 39
3342 29
3360 27
3300 32
3250 27
3302 27
3177 39
3314 36
3394 27
3406 29
3340 29
3375 31
3373 38
3351 30
3321 44
3206 38
3391 28
3250 32
3238 27
3316 39
3278 26
3373 24
3341 23
3314 33
3366 31
3320 36
3474 31
3322 36
3370 38
3319 31
3339 33
3429 36
3368 31
3364 33
3414 38
3437 34
3391 39
3294 42
3508 33
3298 21
3305 27
3251 31
3333 31
3351 29
3366 38
3238 32
3329 29
3321 40
3369 30
3307 28
3304 37
3305 29
3371 27
3416 36
3327 25
3290 30
3322 45
3403 39
3347 30
3314 37
3426 33
3228 39
3319 33
3258 44
3263 36
3267 24
3500 36
3296 33
3319 33
3198 39
3307 36
3404 37
3310 41
3349 34
3408 34
3312 23
3211 26
3309 30
3379 31
3405 36
3321 22
3443 34
3309 31
3382 30
3193 45
3347 30
3417 21
3378 36
3377 34
3340 36
3390 27
3296 33
3256 24
3321 29
3373 31
3331 33
3299 31
3366 24
3223 38
3419 47
3387 38
3270 35
3338 28
3327 37
3345 31
3326 39
3346 33
3318 22
3338 34
3284 31
3424 44
3405 39
3340 34
3403 47
3410 34
3315 38
3285 43
3347 27
3296 23
3411 41
3336 35
3283 46
3366 26
3250 40
3345 29
3395 35
3355 32
3316 34
3336 30
3334 33
3193 24
3259 28
3375 30
3327 31
3324 25
3388 23
3303 33
3382 30
3197 31
3266 28
3349 39
3364 21
3363 28
3269 40
3283 45
3162 30
3383 38
3256 44
3287 35
3436 28
3321 36
3327 32
3313 34
3304 32
3353 37
3300 41
3269 32
3342 30
3347 21
3294 35
3322 31
3353 37
3379 31
3397 28
3348 37
3384 40
3350 38
3237 35
3440 39
3330 37
3354 24
3351 41
3257 38
3361 22
3375 29
3325 23
3334 36
3372 43
3438 40
3289 38
3322 26
3388 33
3378 35
3323 34
3250 38
3314 38
3402 23
3332 24
3239 38
3297 36
3281 36
3287 24
3314 35
3366 35
3334 27
3378 33
3311 34
3280 30
3272 27
3397 22
3291 30
3410 39
3340 45
3355 29
3357 41
3321 35
3378 41
3249 31
3386 40
3311 35
3336 30
3235 40
3294 41
3364 29
3314 25
3297 46
3392 32
3275 27
3416 24
3291 26
3410 27
3331 28
3272 38
3268 26
3263 41
3380 42
3322 26
3346 31
3353 31
3410 34
3409 32
3403 20
3444 36
3345 31
3362 32
3415 37
3315 23
3266 35
3338 34
3298 47
3402 26
3353 23
3374 29
3328 30
3201 32
3297 36
3405 45
3357 31
3235 45
3255 31
3214 26
3320 39
3299 31
3286 34
3302 30
3350 32
3336 25
3346 26
3310 35
3351 38
3293 34
3305 28
3260 32
3362 32
3352 39
3367 40
3398 27
3365 48
3378 31
3419 30
3311 41
3312 35
3357 34
3218 26
3343 33
3209 39
3305 32
3376 27
3310 38
3398 38
3350 33
3322 17
3336 29
3384 30
3381 31
3403 33
3274 45
3442 45
3413 42
3322 31
3433 34
3303 26
3342 41
3381 43
3242 40
3376 41
3350 41
3207 38
3382 25
3356 30
3245 37
3359 37
3370 30
3331 38
3368 41
3251 24
3315 34
3476 29
3383 20
3269 26
3395 41
3264 22
3318 29
3377 29
3449 25
3327 27
3332 29
3335 23
3394 32
3305 37
3355 34
3283 32
3306 32
3329 41
3337 39
3376 36
3394 27
3347 29
3335 26
3388 28
3371 30
3225 37
3343 38
3324 32
3307 40
3368 35
3270 26
3324 35
3442 38
3303 31
3381 25
3446 41
3420 33
3218 34
3322 32
3348 34
3360 22
3373 32
3322 35
3348 33
3335 35
3356 33
3189 31
3366 36
3265 39
3303 28
3350 34
3320 33
3351 33
3288 37
3369 31
3296 28
3289 24
3310 40
3274 30
3328 31
3445 33
3299 32
3319 32
3328 42
3248 36
3356 37
3287 32
3378 33
3269 30
3403 26
3320 27
3317 27
3249 32
3380 32
3443 43
3278 38
3362 32
3356 29
3269 33
3324 42
3331 35
3386 28
3316 39
3288 24
3322 33
3313 29
3373 40
3336 33
3352 31
3306 38
3437 23
3338 34
3424 22
3364 33
3359 36
3275 27
3365 31
3332 34
3231 40
3422 28
3324 35
3328 41
3317 35
3336 32
3387 33
3327 33
3312 27
3389 37
3301 23
3336 40
3354 39
3357 27
3312 32
3398 35
3369 24
3385 39
3304 27
3410 26
3292 38
3320 34
3351 35
3390 37
3327 39
3194 27
3278 27
3293 38
3435 35
3291 26
3239 33
3416 29
3368 35
3270 44
3386 27
3352 36
3368 34
3198 41
3366 32
3249 29
3260 35
3374 30
3313 34
3269 40
3380 33
3392 36
3333 32
3404 34
3279 35
3398 36
3351 29
3321 26
3447 44
3344 36
3380 32
3446 34
3304 37
3199 37
3380 44
3243 38
3360 38
3385 35
3313 24
3289 36
3320 31
3291 33
3326 40
3318 29
3286 39
3386 36
3169 39
3311 35
3292 34
3370 33
3321 32
3297 27
3355 40
3339 35
3305 31
3269 41
3329 39
3418 35
3484 36
3380 39
3317 26
3290 37
3410 37
3258 39
3337 34
3385 42
3180 38
3370 37
3309 30
3499 33
3299 37
3322 48
3315 48
3340 28
3247 32
3420 28
3290 34
3365 33
3348 29
3374 26
3412 25
3365 32
3404 36
3321 31
3202 39
3349 36
3277 38
3317 29
3366 28
3257 37
3271 29
3323 32
3287 40
3392 38
3362 39
3206 28
3360 37
3323 29
3244 36
3266 26
3363 30
3299 32
3264 22
3445 36
3395 31
3443 38
3340 32
3369 35
3440 33
3475 34
3306 26
3304 38
3297 38
3260 36
3293 29
3352 26
3458 40
3361 37
3241 34
3300 36
3302 32
3271 39
3312 28
3191 35
3337 34
3332 32
3404 36
3350 30
3237 34
3343 34
3475 24
3359 47
3356 32
3273 35
3384 34
3423 31
3335 24
3319 35
3358 35
3339 32
3380 19
3329 30
3305 33
3328 24
3451 23
3336 26
3308 35
3317 30
3354 33
3360 37
3317 41
3397 31
3340 30
3306 22
3370 27
3337 39
3317 33
3224 36
3414 27
3282 31
3287 33
3380 41
3424 27
3322 40
3283 37
3319 42
3414 27
3326 32
3363 28
3298 27
3363 32
3395 27
3364 31
3275 35
3403 37
3253 32
3343 35
3218 26
3369 34
3386 27
3449 44
3324 40
3310 34
3223 41
3311 17
3295 27
3290 32
3382 24
3219 46
3325 40
3305 39
3278 34
3265 30
3383 39
3261 31
3331 31
3355 49
3306 36
3344 43
3295 35
3277 27
3366 30
3308 43
3462 32
3279 30
3304 32
3351 28
3253 30
3359 35
3379 34
3393 30
3358 34
3373 35
3279 48
3206 36
3417 43
3357 34
3443 21
3309 40
3369 33
3372 36
3308 32
3347 33
3378 34
3352 40
3367 28
3353 53
3278 31
3395 37
3412 45
3298 32
3355 40
3320 38
3222 45
3354 29
3426 38
3417 32
3324 32
3307 31
3416 40
3301 37
3406 32
3267 31
3394 36
3346 32
3332 26
3347 39
3415 37
3376 34
3480 35
3299 30
3384 28
3207 36
3422 33
3267 34
3316 35
3313 28
3344 43
3320 25
3262 27
3412 33
3374 42
3320 43
3302 34
3388 29
3307 30
3321 35
3348 35
3430 33
3410 48
3356 44
3455 43
3364 38
3367 40
3365 29
3300 30
3249 33
3329 40
3347 25
3418 31
3396 29
3249 28
3360 34
3094 33
3376 25
3306 38
3317 32
3338 38
3340 30
3356 30
3398 38
3313 31
3306 40
3323 29
3308 47
3325 37
3380 30
3253 30
3346 25
3297 40
3393 37
3385 29
3371 31
3245 35
3309 32
3424 30
3345 33
3497 22
3438 29
3323 39
3322 35
3352 38
3247 35
3362 34
3356 33
3374 28
3284 33
3251 31
3394 38
3366 35
3305 34
3336 30
3311 30
3412 39
3387 40
3340 32
3312 24
3345 30
3321 41
3345 37
3413 35
3272 44
3292 26
3325 29
3365 38
3337 29
3440 37
3366 40
3381 27
3363 27
3266 29
3308 32
3450 32
3400 25
3438 35
3360 31
3353 32
3346 31
3277 30
3397 34
3421 36
3380 23
3386 40
3238 36
3294 32
3221 26
3371 39
3320 28
3306 42
3291 26
3315 50
3337 29
3307 32
3332 29
3321 32
3359 37
3243 34
3240 41
3316 29
3251 41
3335 26
3342 36
3452 41
3327 32
3358 30
3272 31
3338 37
3333 33
3393 32
3323 42
3282 31
3324 26
3332 30
3414 35
3313 25
3389 44
3408 31
3297 29
3407 34
3385 30
3252 33
3300 36
3380 21
3228 36
3290 23
3334 28
3294 36
3361 28
3335 27
3415 28
3265 40
3321 31
3370 38
3279 42
3274 36
3327 38
3350 29
3351 41
3308 32
3447 43
3365 37
3287 26
