1000
748955055 24
938961991 29
287364647 39
511610947 26
419115359 33
470345428 36
678387295 28
52101845 31
427108069 20
442633684 32
514503990 30
605581755 27
872134281 25
64590414 29
88558153 27
824443111 32
175077344 27
141462467 27
543034741 31
478569243 27
371111824 21
62688557 27
798161851 33
467937360 36
928295119 29
667569863 28
72123708 21
945294510 43
490346906 38
800397822 29
392755199 25
784069911 28
457410228 34
954028597 35
565313813 23
909461763 27
742751628 34
697740041 23
558057446 34
82882016 24
107123442 25
802496823 29
91668347 35
280666668 31
675255047 41
367570263 26
354466193 31
956773550 34
769232620 28
356949926 31
760948614 27
404545085 30
469741623 22
895609540 26
993353249 32
156397344 21
345458860 33
11348393 29
930577548 34
758472702 24
247228313 24
437020192 25
859203469 30
272572251 30
823209995 27
322385656 28
936142116 28
966283081 39
44220631 33
232338221 38
287183401 31
75354175 23
570569773 17
452297036 24
234356192 26
218614126 23
525575852 36
642348310 31
105530899 27
331667110 25
160109389 31
118763695 34
578136636 26
626060486 25
962733822 29
552141631 28
791520783 29
241464134 27
715812974 27
201576491 23
877213534 26
344647821 26
763521305 30
35258520 29
229887344 33
504850342 31
297657530 30
951255008 33
308936598 30
764826410 29
849201951 31
477402731 34
184016680 29
405566699 33
510285378 25
733101441 39
803999397 28
101980209 20
642774648 30
258105408 29
97093756 38
667919460 23
437777709 27
810495388 31
575849994 30
260714837 31
771299612 35
643032221 20
162967337 30
119419644 34
357570404 23
635221019 29
462729196 20
840311207 23
767078488 36
531838254 26
759706656 31
186307009 35
849608456 25
970717377 35
784460329 42
627953964 35
351960061 32
771261088 27
343136739 37
710728524 25
207582009 30
408921953 26
969952537 34
616013977 26
628636411 25
255771967 30
175400426 31
256196806 34
813438339 36
586975821 24
541799909 25
272191366 31
937553063 21
464916564 31
329332606 30
630921075 33
613790267 22
320081663 22
160015395 23
775578962 27
804272550 38
137443100 27
301788612 35
730203792 33
990758684 32
337829722 37
937869392 36
360541694 34
274078880 33
508528260 26
1078303 26
994932846 21
959647326 34
469210475 26
43536486 35
255147639 23
387905627 27
51542327 26
537629275 39
456667167 32
203199050 32
397843533 26
845121449 27
844878841 30
116492440 27
716745213 29
491734363 24
159073180 35
269214983 35
316670716 34
668777338 25
386810280 24
944714227 32
600792261 25
291797763 29
168916306 33
556963306 29
546216845 20
405704438 31
867218335 36
778325612 26
269120746 32
410714924 32
2662142 31
399823939 39
226482670 24
744719920 35
585375266 26
895908104 30
911443232 36
149281495 33
911484591 31
6782607 34
2403301 27
620932150 26
172228189 31
224217278 35
838846921 30
795393080 32
120351988 30
339546015 38
5619567 31
797011655 34
866945190 26
704727320 36
581206342 38
84742165 31
262840177 39
462710303 40
453219573 32
345956709 31
794563664 22
409958342 30
295212814 30
201095879 28
987923157 40
127722124 25
806444984 30
968503217 22
678246523 36
56261337 38
954153364 39
316664485 31
133219071 37
17972840 26
779511923 30
820675673 22
142040876 36
977311061 24
466813878 26
454550437 22
904392064 26
529301010 29
746982031 29
972213805 22
91275795 27
796650076 37
204801197 20
595687783 23
995949875 24
96191098 36
449208399 33
228966483 27
634600001 32
803574392 18
699761643 33
559799296 35
94834172 27
956886920 26
491316433 34
332099347 37
586052759 35
261677356 21
606941640 28
120997264 28
85394062 23
649791721 25
587055622 26
243725061 34
200837122 30
723812650 30
487498303 33
866884840 34
621974418 37
823373588 35
525383194 34
572100698 34
764145387 30
416293292 43
74855624 28
316958537 30
331257260 33
823066809 38
260877362 32
845634459 27
576946485 29
248475203 32
271627140 27
871074240 29
814201622 31
165515984 24
230340733 22
997274561 22
262714126 22
122107251 27
987179806 24
47477074 35
940669407 25
608993059 25
674691535 36
553645119 28
164481779 28
116707939 23
102535770 25
122079055 35
76076759 26
385238490 27
529758912 36
119736746 26
840055666 34
882983151 34
112147126 22
105998886 23
958182245 34
222207601 25
361016584 31
127016693 25
412871378 33
96187116 34
967675657 25
942578168 31
406717595 27
191928938 40
112268874 37
788892298 31
143362795 31
427682374 33
748910347 30
74315920 37
456754634 30
97323325 35
236796486 39
70209110 32
14845988 31
521819251 30
49791963 30
161971971 28
776500395 29
842263325 31
942374432 35
521014672 27
448808622 30
434094235 27
805125265 26
863023583 37
741908589 33
764896904 30
97339974 27
354551915 25
615633848 17
847318695 35
194897383 29
928070039 25
85664127 41
60105722 39
102427038 30
962522244 23
35754782 32
313748394 32
242762260 25
212189166 29
218196930 22
831078346 31
689111208 35
943765783 31
594780468 34
504853329 23
481913867 28
31787252 31
209975102 34
80768028 21
513113406 23
765668599 28
457402943 26
651091926 28
586184243 23
105477793 43
454913746 28
662316695 32
730348853 25
903253382 32
874282861 28
328359245 27
632066949 28
170175442 34
761087708 37
470265101 29
45175759 34
150991951 28
362801477 36
570980206 34
141862609 31
86846329 36
187262841 22
162848592 29
286988294 20
530861874 29
541720242 34
242227930 36
79786264 31
284131499 34
614370038 33
538747704 22
223468480 32
145573387 34
825864838 26
661209301 37
152152445 25
707570244 28
682382359 24
191792263 31
952983825 25
305211104 29
113240408 26
169979127 26
110535694 33
93290684 35
325288495 34
545760632 28
749172327 25
313704304 26
602909927 28
913017476 38
790105021 33
707646815 31
225531750 43
984373295 32
475558332 23
63916205 21
883730574 39
743553424 40
995923248 28
205315664 29
858062667 32
454697409 25
172716216 40
173126290 24
833781039 22
900998351 26
75125139 20
350468634 30
144241242 29
113142846 36
574850836 27
841387526 32
212548091 30
353078086 31
995602478 24
411576033 31
726355429 37
472374624 23
921892611 28
363086192 26
184006643 39
191464568 24
996376320 35
858590918 24
79219079 37
748431038 31
821166295 34
784166805 24
938030513 29
974390850 31
524690417 29
97243281 37
531218446 35
165398291 24
76685425 25
899134276 33
19402840 28
962932836 34
47773777 35
609394064 33
186116835 34
140261941 31
819016892 31
648970196 28
126611804 28
381146742 26
440462919 28
876849392 32
129193166 30
191041517 31
802076017 33
642251533 30
211414766 27
190134250 30
609449427 27
410566526 25
72635817 30
530069716 28
500877046 35
945256095 34
749159592 30
646662484 27
222480507 18
925481061 39
361843312 39
16787115 38
719400618 28
735846032 29
233950746 31
841087864 44
698802754 28
810097065 18
75663426 21
156967472 27
927551488 32
17754346 20
569926654 31
890679983 48
424209532 32
991976994 28
141499933 25
131658105 24
919312515 34
12469280 19
410945843 31
701132718 26
995785389 45
882881308 21
36819546 21
970805225 29
957889863 21
452162441 31
886978298 33
211876125 30
752193771 42
760843360 32
188396077 28
405219753 26
921799532 23
822117256 23
175780640 27
654748250 20
527949895 32
46106668 27
121926637 38
103909367 35
328851986 33
791924496 37
685284001 32
679137839 28
965774783 35
890315126 29
423708573 31
873860110 38
528687064 28
269758169 41
174094167 34
48986835 36
734499046 19
263770328 25
677120262 32
194365770 32
428452223 39
457145004 26
626391940 27
694533119 29
323235592 40
175651662 38
376894347 35
176668300 34
359814497 27
122487992 31
523870119 28
719971532 30
467650243 26
280304602 33
574951428 36
353635956 28
142083576 30
40063915 38
323600533 26
105562139 26
809066341 30
796167737 31
66454955 36
732543144 33
936239790 33
68739240 23
204515303 24
777420739 28
671506000 26
335868199 36
451483698 34
446274112 29
159857131 35
592243730 37
661229208 34
827047006 41
374261700 31
723734037 41
778797515 27
993580282 25
945897618 26
276784371 24
351883955 36
118918381 26
365019656 22
36247462 20
238331742 30
789412006 25
26659232 40
516496485 29
765673905 27
589694366 35
25900923 25
632891688 26
977774613 23
93719878 22
499825463 26
548231072 27
272603296 38
564569697 41
945113660 33
409167384 36
485228403 30
525514929 30
963091986 24
362442002 27
279535324 42
704436363 32
264039412 29
784864951 33
170466914 28
285727549 38
428303463 29
193888487 28
633990333 40
72256136 38
871676964 37
236226958 30
337869052 29
669024264 31
553954991 24
817693510 39
315565264 31
24136253 47
507912849 22
984788321 26
770803741 24
146627996 23
285255104 30
619926114 31
302230471 34
33493871 21
504386919 31
51719738 27
29096995 31
577050783 36
124480840 34
827970040 29
214541810 32
348660782 24
412833435 26
383955861 28
584115975 37
230670621 24
784775591 27
299159 39
722215032 32
678996705 25
331488353 24
428840654 26
774141707 32
607182558 29
482066769 30
162920268 30
141650714 36
441952211 24
206277656 26
917112651 31
849073820 29
111293300 28
626738715 39
931135839 25
954570966 40
650815193 33
679849360 36
488566088 29
582051796 29
802086641 39
174530514 26
510080695 34
829815647 26
208403745 22
667855364 27
289851785 19
81483102 20
373113343 29
650197509 33
735008941 24
199332106 23
421858066 26
215175473 31
316385814 33
313065683 43
971674839 29
632027140 26
291843778 24
204869151 24
70501859 32
969247715 24
868608988 35
410001968 24
64100780 23
173515942 34
822436054 30
992002254 22
540655526 34
4623804 26
990024756 26
64981367 24
497603023 21
553596068 32
279376095 39
292980349 41
61344545 29
843152500 31
669242135 30
553882175 31
117231906 32
540429572 28
636140054 33
289991673 28
862153084 28
786942548 36
420721174 31
772866787 23
287807973 40
224414883 24
53140515 26
289426662 33
106949876 32
232705860 32
622959758 27
43317608 34
967834914 31
656665590 39
76106448 38
93393429 37
465900241 32
24405427 30
688021677 26
356417978 34
102549544 36
894906311 21
505050150 25
38944583 40
996379910 37
158785253 18
318324373 19
785673800 35
206666926 36
37325124 22
224158551 29
831217715 24
269505638 39
740708545 46
167018725 42
427035708 35
587567857 35
69571250 29
451180276 32
283560793 26
222191043 28
665987018 41
977336475 37
572620043 43
410390416 36
287056790 30
66688410 18
95334912 29
914794152 35
78564157 30
345986581 39
926528441 41
183593273 29
861295078 24
789097759 25
239694867 34
266696911 28
141760787 29
655733989 39
857121492 33
887362718 27
157962244 32
938862875 29
731064277 29
400701718 33
889366510 30
912733864 29
733766341 25
621891247 22
353518058 32
536237121 28
757340376 30
915208280 33
500243843 33
964643481 25
144943713 25
126974149 27
167227341 30
763774952 26
200622300 29
390607327 34
565269697 35
433115117 37
815556929 26
53891717 30
395026588 29
552165348 30
303506622 30
339194835 28
507871044 36
331451467 29
518447269 31
229313745 30
931221863 26
269213041 35
916937270 33
474535869 27
744720910 34
105483371 27
936388679 39
726981980 30
77202712 33
389378867 30
739736062 26
373534770 27
715343116 28
300715693 30
761808841 29
427185915 22
38381210 20
274621875 34
705474435 24
27933497 35
154680942 35
548715851 33
106184224 29
307070589 24
617400186 20
122916589 34
217816650 22
10014396 36
256256863 37
67111935 31
690303951 33
231396041 34
647499810 25
70133575 31
568618686 43
314849462 32
380381824 29
633616839 31
949165291 25
800398583 31
277908827 36
771128164 32
788497849 24
880465824 27
157548717 29
8962538 30
84160086 31
310121403 34
973105395 25
74017291 35
809917924 22
766131113 23
635795657 30
35300069 33
725181664 32
38183071 28
192095664 34
557631661 25
892502978 34
520648835 39
62446160 34
30085794 27
286902188 22
427093611 25
221165493 31
733079197 33
684636873 24
703479726 27
561196700 34
154670741 35
462769117 31
237836138 30
561352700 34
858364959 39
426346999 33
250692288 26
248149773 30
70750285 27
614918618 34
814698657 33
566424239 34
385106370 36
313240979 30
852234563 33
884217719 29
449460872 30
229900690 23
81245200 36
109084593 20
222329800 21
56079781 32
906122798 34
547314010 32
108842300 23
711454079 40
471420096 31
741635631 34
786477854 22
953775762 26
21697008 30
831846430 32
386358230 38
85644692 32
386197367 30
538534264 27
936231088 28
962263268 30
169318673 33
11837272 25
386435714 34
44704932 34
681593163 27
746883947 28
98124191 38
36081266 29
565914717 27
740392654 28
710620700 25
648364288 23
614717360 30
174595351 28
475752986 26
769872388 24
512049652 41
409892025 31
426787207 31
292157701 22
73340767 37
663381679 21
364020802 39
118239570 30
279723808 39
764891958 26
532177121 29
279242620 29
710595724 33
625548786 23
292562636 32
604898595 21
192236735 30
385856476 27
682432225 25
344231044 38
353063399 34
666250396 43
141866847 33
503373932 29
47300866 19
814117 22
737926992 29
717688919 34
613156354 32
106120908 28
552914225 26
19019170 29
15506345 24
497900008 29
496269063 38
754986333 26
441330741 30
720557673 32
207387291 19
866575354 32
43740666 32
519834093 33
611633486 30
497598864 31
905955961 39
225992813 34
93513012 32
975654433 20
73527862 23
310224112 28
766680278 25
64050772 38
