300
39 28
38 38
32 29
31 31
50 34
33 26
32 26
43 38
31 30
43 32
41 40
31 31
28 22
30 30
29 29
34 34
29 29
35 35
35 35
24 24
35 35
33 33
37 37
30 30
31 31
38 33
35 35
28 27
31 31
44 40
41 27
31 31
31 31
34 34
34 32
34 24
33 28
35 35
27 27
38 29
27 27
31 31
30 28
26 26
42 33
39 38
37 37
42 42
36 27
27 27
26 26
29 29
27 27
33 33
28 28
29 27
39 32
28 28
37 37
40 32
22 22
35 25
36 29
25 25
30 27
26 24
25 25
43 30
40 29
33 33
29 29
35 35
39 39
41 31
45 31
37 37
31 29
34 28
32 29
30 30
26 26
29 29
42 28
27 24
36 36
27 25
32 32
40 33
40 40
39 39
35 30
47 30
25 25
38 38
38 38
37 35
34 34
35 35
31 30
32 32
29 29
32 32
33 33
32 32
36 32
31 26
31 31
29 29
37 35
19 19
32 30
28 28
30 30
30 30
29 29
38 30
35 26
28 28
37 29
37 28
38 34
34 27
40 36
30 30
37 28
40 29
26 26
43 35
40 31
30 28
48 35
24 24
30 30
38 23
37 37
34 32
28 28
38 34
36 36
37 26
30 30
30 30
29 29
37 29
23 23
34 32
40 33
32 32
32 30
23 23
35 28
31 31
41 25
34 34
32 32
33 33
26 26
38 32
30 30
34 34
20 20
38 29
39 32
30 30
47 29
42 33
27 27
24 24
29 28
33 33
41 35
38 29
35 31
30 26
36 36
31 31
27 27
44 37
44 26
38 38
30 26
36 30
35 35
31 28
44 32
46 43
36 26
32 26
31 29
18 18
41 28
42 34
35 35
30 30
27 25
28 27
30 30
36 25
31 29
35 29
31 28
30 30
28 28
19 19
31 31
32 26
45 37
24 24
37 29
47 35
30 30
41 37
25 25
35 33
28 28
25 25
36 34
29 29
32 32
33 29
32 32
25 25
39 39
32 32
35 35
38 35
37 35
24 24
23 23
39 39
24 24
35 26
35 20
39 30
33 31
30 27
40 35
30 30
24 24
34 32
25 25
41 26
38 26
31 31
31 31
40 35
36 31
31 31
33 33
33 33
26 24
30 30
29 27
31 31
39 35
25 25
38 38
36 31
26 26
31 28
37 37
24 24
32 26
25 25
45 35
43 31
25 25
29 29
40 36
40 28
39 39
31 31
35 20
28 28
40 26
32 29
30 30
29 28
32 31
30 28
32 32
30 30
31 29
37 34
27 27
25 25
28 28
42 35
28 28
36 28
30 30
40 32
28 28
30 28
40 27
39 26
39 32
34 33
34 34
37 34
