3000
16622 38
16576 41
16477 45
16560 42
16712 47
16679 29
16477 20
16702 43
16557 34
16782 22
16820 31
16780 28
16721 27
16680 33
16404 29
16698 39
16515 45
16658 31
16635 31
16526 27
16548 33
16848 32
16739 24
16550 25
16843 35
16759 37
16546 29
16358 37
16686 28
16391 37
16510 32
16450 43
16608 31
16555 28
16742 27
16805 31
16641 39
16514 30
16580 39
16699 36
16725 26
16766 38
16738 23
16593 34
16735 34
16666 38
16589 23
16954 44
16703 37
16732 29
16594 37
16568 26
16901 30
16673 42
16695 24
16515 35
16373 36
16463 46
16770 27
16807 34
16465 32
16560 29
16638 35
16819 21
16506 31
16626 32
16674 33
16530 31
16697 27
16891 40
16660 45
16752 32
16551 30
16713 33
16607 36
16650 26
16520 34
16607 30
16640 31
16717 38
16614 34
16675 34
16713 22
16744 34
16766 37
16626 38
16779 32
16704 39
16690 28
16642 36
16479 31
16659 42
16780 38
16868 34
16650 28
16906 37
16473 36
16573 23
16606 37
16812 34
16891 30
16502 38
16519 36
16944 24
16617 27
16641 44
16578 34
16541 36
16501 30
16855 41
16668 41
16440 32
16831 29
16827 29
16702 21
16708 29
16799 29
16648 36
16928 40
16638 26
16528 38
16789 25
16734 35
16622 33
16553 24
16618 38
16574 42
16634 29
16548 35
16690 41
16842 31
16637 34
16812 40
16658 41
16851 42
16560 32
16904 38
16847 37
16532 35
16783 31
16658 40
16693 33
16548 32
16558 36
16808 31
16507 38
16719 28
16638 32
16519 25
16895 26
16835 28
16733 42
16727 27
16901 32
16566 33
16826 32
16752 30
16776 22
16579 34
16760 29
16564 37
16838 33
16704 32
16605 31
16515 35
17024 36
16806 34
16690 27
16735 36
16614 38
16918 37
16604 33
16639 37
16712 43
16537 32
16622 28
16542 37
16548 29
16678 33
16524 30
16721 29
16839 36
16508 37
16550 37
16889 26
16733 40
16854 39
16788 41
16801 35
16625 32
16669 36
16675 34
16651 32
16657 34
16842 26
16719 33
16655 41
16581 18
16576 28
16588 33
16733 26
16945 26
16679 32
16486 29
16732 34
16577 39
16473 36
16611 41
16709 31
16676 38
16456 28
16555 33
16704 32
16640 31
16649 28
16756 33
16602 40
16782 38
16515 30
16635 28
16626 41
16714 37
16609 29
16466 43
16622 34
16723 29
16772 37
16666 22
16654 32
16928 31
16550 34
16758 27
16623 36
16596 33
16672 34
16844 27
16739 27
16693 40
16577 38
16675 28
16570 28
16617 38
16592 34
16589 41
16502 35
16671 36
16751 41
16427 38
16514 30
16739 37
16673 47
16646 30
16596 31
16616 30
16536 24
16580 28
16670 31
16541 27
16496 41
16835 30
16667 33
16700 38
16758 29
16483 34
16518 38
16469 32
16605 39
16780 26
16646 31
16433 29
16763 36
16643 42
16857 39
16630 37
16678 32
16675 34
16771 34
16915 29
16583 31
16751 30
16775 32
16534 32
16663 30
16837 31
16646 39
16552 33
16747 31
16672 31
16900 22
16613 29
16778 39
16521 31
16651 30
16721 44
16297 37
16649 26
16570 38
16552 35
16663 32
16426 46
16484 39
16796 30
16752 38
16551 28
16707 37
16573 30
16762 32
16456 41
16669 42
16951 36
16698 42
16631 32
16630 44
16910 30
16449 24
16805 30
16772 41
16680 32
16773 33
16485 37
16671 34
16508 30
16576 29
16450 34
16461 32
16576 36
16761 35
16559 39
16590 27
16658 34
16572 33
16523 28
16790 43
16629 41
16460 37
16772 29
16713 41
16806 34
16749 28
16593 27
16543 35
16923 39
16754 26
17029 40
16513 27
16871 35
16841 40
16612 29
16385 37
16611 31
16838 39
16525 26
16624 38
16642 27
16632 32
16696 41
16480 47
16603 32
16338 25
16606 24
16537 33
16566 35
16914 38
16518 24
16776 26
16668 27
16527 20
16630 34
16648 40
16670 40
16676 39
16938 37
16379 27
16664 28
16717 30
16593 33
16637 41
16397 34
16802 23
16647 33
16701 28
16741 31
16407 38
16627 30
16533 32
16686 30
16584 40
16665 39
16682 38
16781 35
16645 35
16546 29
16613 40
16628 27
16928 40
16657 29
16740 43
16790 28
16558 30
16573 24
16760 28
16529 27
16805 33
16682 35
16603 34
16741 28
16637 31
16735 31
17018 33
16817 38
16942 32
16694 35
16679 30
16656 32
16795 27
16826 44
16776 28
16820 41
16860 31
16567 33
16670 36
16716 34
16772 28
16653 32
16610 38
16851 29
16706 28
16389 30
16449 33
16582 32
16913 29
16655 32
16460 35
16541 23
16729 31
16794 33
16605 36
16699 40
16481 30
16541 22
16683 39
16591 28
16590 39
16475 31
16845 39
16499 37
16827 30
16626 33
16660 42
16717 25
16645 32
16436 38
16837 33
16595 32
16667 30
16803 32
16744 27
16855 37
16530 27
16838 36
16582 29
16725 39
16518 31
16652 34
16803 26
16559 31
16801 47
16670 26
16654 41
16838 42
16477 18
16587 32
16894 32
16821 35
16704 38
16550 31
16722 37
16571 40
16732 22
17004 29
16646 32
16555 29
16789 39
16884 29
16439 33
16846 35
16594 36
16771 33
16384 33
16604 27
16641 39
16452 34
16648 37
16687 31
16405 35
16836 46
16836 32
16630 37
16521 32
16669 30
16682 30
16805 31
16573 35
16675 32
16585 47
16704 35
16688 39
16631 33
16684 31
16476 27
16696 40
16488 34
16651 30
16904 49
16740 39
16788 38
16625 34
16690 26
16915 29
16694 21
16672 28
16879 34
16555 24
16700 23
16655 26
16639 30
16546 31
16644 27
16781 26
16577 26
16650 32
16672 27
16706 35
16604 30
16653 26
16381 32
16596 39
16744 36
16786 38
16456 30
16710 35
16838 23
16660 36
16468 35
16695 44
16535 38
16345 36
16533 31
16752 31
16575 33
16405 30
16884 37
16574 40
16672 33
16649 26
16413 42
16668 49
16544 39
16621 37
16834 30
16702 33
16738 33
16543 29
16564 31
16743 33
16826 26
16827 48
16598 32
16652 37
16554 35
16714 29
16661 30
16573 36
16777 29
16718 27
16633 29
16833 38
16596 32
16679 36
16876 24
16884 40
16913 34
16539 25
16796 34
16609 35
16670 35
16786 24
16634 35
16576 37
16656 38
16883 25
16715 35
16720 27
16678 35
16638 28
16686 32
16726 26
16888 39
16678 38
16523 36
16421 30
16896 46
16631 31
16631 35
16620 25
16985 43
16715 32
16679 31
16613 48
16467 39
16610 39
16478 35
16746 38
16629 34
16708 27
16779 31
16685 31
16627 32
16655 35
16584 40
16656 33
16540 28
16733 23
16788 32
16627 32
16842 26
16651 39
16605 25
16635 46
16680 37
16480 37
16778 29
16698 30
16451 42
16602 31
16746 36
16777 25
16600 40
16847 27
16537 28
16670 26
16406 28
16817 30
16855 30
16698 28
16644 41
16715 31
16816 28
16696 23
16455 30
16595 33
16834 40
16575 34
16669 22
16604 34
16806 30
16754 42
16453 35
16465 38
16740 30
16743 34
16431 29
16774 34
16768 29
16697 41
16843 31
16616 35
16582 27
16660 30
16693 32
16675 28
16588 20
16658 30
16782 51
16534 32
16602 35
16656 36
16530 28
16792 28
16510 29
16672 31
16659 26
16813 41
16967 43
16525 48
16497 27
16728 36
16793 42
16794 27
16630 33
16772 32
16719 26
16639 28
16807 42
16684 35
16742 32
16806 29
16549 39
16823 27
16513 38
16507 30
16534 27
16857 38
16762 33
16504 39
16766 32
16752 31
16473 35
16760 49
16741 32
16663 35
16716 28
16710 37
16676 28
16823 34
16868 35
16621 18
16656 41
16751 35
16724 35
16721 34
16896 38
16761 27
16935 36
16746 34
16702 37
16658 34
16640 27
16463 28
16651 27
16678 37
16627 30
16814 36
16782 26
16507 35
16842 23
16619 38
16612 39
16698 35
16552 33
16784 32
16520 36
16832 36
16842 31
16667 36
16595 40
16646 37
16538 37
16583 36
16848 35
16731 37
16882 22
16552 35
16488 28
16753 35
16630 28
16599 34
16760 28
16871 28
16588 21
16555 37
16708 34
16625 32
16504 39
16542 44
16857 38
16673 34
16708 35
16744 37
16666 30
16470 30
16913 35
16785 43
16775 34
16606 40
16655 35
16745 30
16664 30
16751 30
16776 34
16804 37
16722 37
16595 30
16626 33
16819 37
16405 43
16484 27
16716 40
16551 28
16769 34
16604 30
16808 29
16547 40
16436 31
16491 33
16890 37
16578 32
16468 37
16607 31
16644 35
16746 40
16454 33
16834 34
16781 35
16802 29
16456 31
16532 31
16929 25
16633 37
16741 29
16788 30
17003 29
16782 43
16703 34
16722 41
16741 30
16484 26
16665 26
16771 32
16682 34
16714 44
16813 31
16670 36
16634 33
16888 34
16633 33
16721 35
16707 39
16706 50
16651 20
16888 28
16557 31
16678 29
16932 32
16662 41
16656 30
16810 36
16677 29
16412 25
16836 31
16720 37
16425 36
16903 30
16671 42
16898 28
16733 32
16681 36
16555 36
16662 47
16659 20
16808 45
16600 33
16620 42
16807 44
16700 37
16686 26
16574 34
16806 37
16769 28
16541 35
16886 29
16666 31
16651 34
16586 26
16684 43
16573 53
16588 41
16543 31
16787 35
16456 29
16416 34
16834 34
16726 39
16717 36
16666 28
16735 35
16566 27
16657 32
16628 25
16497 47
16526 24
16499 44
16549 21
16704 25
16463 25
16642 30
16642 37
16668 26
16671 30
16649 40
16532 23
16816 44
16465 40
16729 29
16591 33
16789 37
16422 45
16753 35
16600 23
16683 28
16737 42
16614 30
16946 34
16580 32
16869 36
16524 34
16751 42
16706 36
16552 34
16697 26
16479 29
16882 41
16609 35
16587 33
16498 28
16709 30
16674 32
16618 31
16662 41
16726 41
16852 36
16590 32
16673 26
16784 28
16658 28
16672 37
16667 38
16800 30
16828 35
16738 26
16648 33
16545 24
16808 31
16919 34
16628 43
16531 39
16679 33
16800 36
16464 36
16615 28
16743 29
16564 38
16378 33
16624 33
16816 29
16832 48
16750 28
16438 37
16584 37
16651 27
16516 41
16708 37
16754 26
16598 30
16537 30
16774 28
16833 34
16633 28
16393 43
16671 33
16688 29
16955 31
16662 27
16745 29
16698 38
16793 28
16768 33
16772 27
16598 36
16651 26
16751 29
16803 31
16521 31
16654 38
16656 33
16657 37
16726 27
16609 31
16721 42
16879 32
16517 17
16662 36
16559 30
16650 35
16660 26
16599 29
16541 34
16681 38
16778 29
16796 33
16621 30
16703 29
16653 30
16732 31
16756 39
16774 33
16598 30
16792 30
16711 38
16750 37
16640 38
16605 33
16780 39
16512 31
16575 34
16722 31
16770 35
16702 41
16789 37
16902 37
16661 31
16638 43
16472 40
16889 33
16722 41
16424 38
16677 39
16713 28
16505 32
16768 26
16764 40
16696 47
16551 22
16492 34
16410 31
16603 37
16434 33
16677 38
16870 29
16610 35
16604 34
16760 22
16840 36
16749 36
16644 31
16595 30
16612 38
16728 43
16754 33
16695 31
16693 27
16670 26
16564 41
16598 37
16902 29
16686 30
16560 32
16879 34
16776 34
16740 20
16836 33
16661 30
16743 36
16496 31
16918 35
16913 31
16862 33
16746 37
16855 31
16837 39
16601 31
16717 30
17024 37
16475 38
16436 47
16618 38
16635 26
16860 32
16681 35
16678 24
16363 31
16836 30
16731 38
16654 43
16847 37
16701 29
16570 33
16636 32
16647 33
16451 35
16735 36
16613 35
16700 27
16345 25
16590 32
16816 23
16574 39
16832 28
16789 23
16751 26
16931 29
16858 32
16468 27
16710 31
16491 32
16465 23
16876 36
16722 32
16848 34
16639 36
16514 38
16547 44
16609 31
16616 33
16749 32
16726 39
16523 30
16831 30
16556 28
16633 34
16634 21
16781 33
16500 32
16504 34
16722 38
16471 38
16732 32
16744 38
16894 41
16812 37
16802 27
16645 33
16733 24
16728 32
16681 40
16729 34
16518 34
16548 31
16745 32
16818 29
16672 38
16652 38
16608 26
16878 28
16680 37
16739 37
16645 34
16611 35
16693 38
16702 29
16689 36
16716 38
16445 32
16572 34
16417 30
16777 41
16656 40
16576 27
16651 35
16862 42
16788 36
16562 36
16707 28
16440 30
16528 31
16533 33
16696 27
16677 32
16721 39
16583 48
16753 42
16756 39
16632 40
16433 44
16575 45
16505 28
16861 27
16595 32
16653 27
16548 39
16706 30
16649 37
16454 43
16637 38
16585 35
16786 31
16688 39
16718 33
16541 41
16729 35
16648 28
16828 32
16838 38
16639 35
16440 24
16523 38
16658 38
16579 35
16490 22
16494 38
16679 27
16457 29
16695 27
16648 39
16746 34
16602 39
16676 37
16533 31
16711 40
16676 43
16732 36
16863 39
16714 40
16843 27
16686 30
16914 41
16593 30
16715 26
16461 29
16714 25
16533 36
16659 34
16774 40
16663 32
16281 37
16577 21
16782 30
16622 34
16430 28
16730 34
16827 31
16428 33
16674 35
16819 34
16775 36
16553 32
16636 32
16704 22
16907 28
16871 34
16515 24
16495 35
16530 41
16681 31
16647 28
16630 42
16285 30
16490 34
16474 30
16689 36
16718 26
16700 36
16534 47
16665 32
16693 44
16668 34
16547 37
16890 29
16629 32
16715 49
16585 39
16783 33
16588 30
16708 28
16651 38
16362 43
16767 30
16708 32
16685 27
16811 33
16693 29
16404 34
16610 41
16561 30
16603 28
16476 37
16611 27
16692 35
16534 35
16572 25
16567 30
16581 38
16792 36
16627 26
16817 26
16601 34
16781 39
16792 35
16783 32
16679 38
16894 33
16672 31
16932 28
16631 22
16614 31
16501 27
16684 37
16626 42
16858 24
16836 35
16860 34
16858 41
16629 35
16622 25
16672 36
16733 36
16574 51
16613 29
16319 27
16478 44
16662 36
16829 44
16631 35
16709 32
16412 26
16764 33
16846 31
16675 28
16587 33
16665 37
16804 43
16774 35
16543 37
16369 28
16850 32
16691 32
16806 37
16700 28
16618 34
16572 32
16808 36
16400 26
16490 40
16782 36
16755 28
16812 39
16999 30
16806 31
16902 32
16754 38
16583 35
16875 33
16706 38
16586 26
16576 33
16781 43
16551 36
16692 46
16422 37
16927 26
16682 37
16634 28
16636 34
16680 39
16654 33
16555 44
16825 34
16577 34
16812 35
16651 33
16760 20
16503 41
16448 30
16660 32
16442 25
16573 30
16576 36
16606 36
16784 26
16498 32
16483 18
16685 25
16734 29
16737 28
16628 36
16809 27
16576 32
16806 33
16707 39
16663 29
16464 37
16600 34
16698 39
16551 37
16601 29
16768 36
16558 34
16731 30
16623 28
16550 32
16791 36
16602 29
16701 35
16654 34
16546 41
16569 36
16789 31
16540 32
16558 24
16701 37
16632 39
16545 42
16655 32
16481 29
16689 31
16897 41
16858 37
16839 39
16496 35
16550 38
16608 31
16789 21
16550 32
16523 19
16635 33
16779 36
16740 41
16362 30
16670 30
16656 29
16712 31
16898 27
16746 35
16621 31
16588 39
16964 33
16872 33
16655 29
16947 40
16528 35
16582 32
16428 42
16697 27
16378 31
16753 30
16655 36
16685 32
16662 25
16621 34
16499 29
16745 37
16683 33
16809 35
16834 37
16671 31
16749 34
16752 40
16631 31
16759 27
16557 33
16747 26
16598 38
16718 33
16533 27
16634 34
16587 32
16569 31
16693 36
16542 35
16609 22
16863 21
16287 47
16582 35
16686 31
16724 36
16585 37
16628 27
16791 30
16891 31
16779 38
16521 32
16861 38
16540 27
16620 35
16738 23
16704 37
16569 32
16552 32
16560 38
16734 31
16701 27
16578 40
16810 22
16667 29
16477 39
16730 31
16561 30
16734 31
16667 41
16520 28
16567 29
16634 28
16374 24
16755 30
16619 39
16838 32
16740 27
16807 30
16657 35
16657 35
16709 46
16733 37
16843 33
16504 29
16643 34
16566 23
16620 33
16854 42
16658 36
16706 32
16805 25
16658 40
16682 35
16672 36
16580 40
16529 35
16617 31
16670 27
16556 35
16630 42
16700 24
16524 27
16558 36
16569 39
16788 24
16586 31
16721 23
16531 32
16725 39
16490 35
16625 35
16798 38
16878 38
16643 24
16740 32
16744 31
17173 23
16520 35
16603 39
16684 36
16687 29
16756 30
16724 48
16621 36
16610 32
16789 33
16625 31
16921 35
16907 38
16584 27
16521 34
16709 32
16673 36
16774 28
16619 36
16706 40
16521 38
16767 38
16614 28
16687 38
16733 34
16489 29
16758 41
16563 40
16540 42
16587 29
16540 39
16634 30
16641 24
16595 27
16783 40
16609 38
16647 33
16691 29
16704 35
16741 29
16687 47
16769 37
16732 38
16636 38
16810 32
16736 35
16561 41
16520 38
16574 31
16625 36
16557 26
16526 33
16571 47
16714 33
16824 26
16783 26
16605 49
16801 33
16525 32
16739 31
16773 38
16693 23
16725 25
16405 34
16516 37
16657 32
16777 35
16569 21
16693 27
16778 23
16704 31
16552 33
16748 31
16699 36
16776 37
16571 23
16751 37
16850 27
16654 36
16435 42
16601 41
16823 34
16726 34
16809 33
16695 45
16630 43
16578 43
16517 23
16620 34
16741 40
16468 37
16370 37
16458 43
16618 30
16597 32
16571 50
16576 29
16534 28
16800 33
16666 24
16681 27
16861 33
16542 35
16553 30
16518 29
16845 40
16897 31
16573 39
16599 39
16501 27
16618 39
16781 30
16773 39
16719 39
16693 29
16566 32
16572 43
16430 41
16752 37
16846 40
16595 25
16659 25
16948 31
16667 32
16596 29
16575 27
16580 24
16669 33
16934 31
16649 24
16525 35
16580 27
16810 44
16734 30
16521 35
16527 37
16547 34
16601 29
16672 23
16508 31
16791 44
16833 27
16737 39
16590 34
16688 27
16758 41
16801 34
16505 45
16802 37
16644 26
16719 38
16507 39
16697 35
16653 42
16346 29
16550 27
16671 32
16785 36
16586 34
16650 34
16786 32
16609 37
16540 33
16725 28
16863 32
16739 32
16717 32
16563 44
16672 24
16603 33
16769 26
16771 34
16472 33
16568 33
16627 43
16640 38
16650 26
16573 30
16769 34
16630 32
16582 30
16551 39
16732 31
16660 25
16506 33
16739 34
16651 30
16554 44
16688 27
16844 31
16655 32
16689 33
16429 39
16725 35
16884 27
16629 37
16663 37
16509 27
16698 42
16487 29
16524 34
16583 35
16857 37
16530 30
16714 43
16558 40
16725 26
16410 33
16860 40
16731 33
16853 30
16695 37
16863 30
16551 26
16687 39
16736 24
16767 30
16626 26
16705 37
16598 37
16684 33
16789 27
16552 37
16619 38
16846 33
16627 40
16550 37
16758 27
16596 36
16344 38
16765 35
16634 37
16720 27
16615 38
16720 36
16734 34
16657 34
16679 39
16612 39
16693 32
16594 26
16430 30
16819 29
16662 42
16621 33
16717 38
16460 32
16503 27
16788 36
16647 28
16727 27
16486 37
16662 23
16559 30
16883 36
16393 26
16705 29
16716 35
16963 39
16660 29
16718 43
16667 32
16697 38
16717 36
16651 38
16894 28
16488 38
16630 37
16432 38
16692 32
16686 25
16842 29
16914 36
16522 31
16749 29
16726 29
16656 38
16938 27
16705 34
16481 37
16530 24
16804 32
16736 34
16573 36
16129 31
16786 36
16564 38
16834 26
16788 33
16573 35
16551 25
16754 26
16813 29
16537 27
16527 27
16669 32
16500 18
16645 32
16626 29
16675 30
16467 32
16582 45
16589 26
16534 31
16611 39
16649 31
16634 37
16702 41
16585 37
16909 38
16645 40
16775 31
16564 39
16530 36
16697 36
16807 29
16880 34
16674 31
16711 34
16694 26
16721 28
16651 27
16395 30
16652 41
16601 37
16475 31
16692 26
16488 39
16694 20
16709 45
16490 32
16812 30
16602 31
16641 32
16705 39
16521 30
16752 34
16661 32
16781 35
16809 31
16734 34
16787 32
16544 33
16713 31
16606 36
16546 25
16833 32
16718 27
16737 28
16539 36
16855 30
16363 37
16732 42
16841 32
16903 31
16397 37
16897 37
16559 42
16817 33
16504 36
16956 35
16644 41
16696 24
16508 29
16539 33
16377 34
16851 35
16517 20
16751 35
16512 39
16540 37
16769 31
16765 42
16733 31
16765 30
16799 43
16778 27
16450 44
16627 38
16435 39
16597 44
16628 20
16926 17
16803 33
16575 22
16687 40
16662 37
16633 34
16665 35
16627 35
16706 40
16798 38
16794 38
16509 32
16548 36
16633 34
16711 34
16798 30
16702 27
16631 41
16527 34
16740 39
16620 27
16656 43
16637 32
16672 23
16643 24
16661 22
16654 39
16687 36
16711 42
16906 34
16806 42
16786 37
16975 25
16598 31
16416 36
16844 37
16671 27
16713 36
16744 22
16862 29
16669 34
16650 39
16573 38
16644 37
16758 36
16848 36
16620 43
16654 34
16690 28
16594 28
16756 35
16623 33
16777 36
16759 39
16387 29
16975 40
16718 38
16555 25
16803 32
16775 33
16526 34
16645 31
16215 28
16740 33
16741 38
16566 29
16523 34
16572 36
16574 36
16724 30
16688 32
16419 30
16716 33
16698 31
16667 42
16613 41
16818 26
16576 28
16477 40
16833 37
16855 40
16619 29
16510 26
16715 34
16605 19
16766 28
16649 57
16649 29
16864 43
16631 29
16684 28
16519 36
16750 29
16815 38
16729 28
16662 37
16663 33
16645 28
16891 34
16568 34
16783 25
16767 30
16489 26
16776 35
16642 30
16492 38
16646 33
17091 44
16737 33
16666 35
16664 34
16611 32
16490 29
16652 28
16810 36
16592 35
16807 26
16748 34
16753 36
16601 27
16717 32
16687 33
16880 30
16595 35
16729 31
16743 24
16714 26
16644 45
16523 46
16585 36
16592 30
16872 37
16598 33
16459 28
16798 41
16628 31
16553 24
17008 33
16810 28
16639 27
16592 33
16598 28
16526 36
16858 46
16658 47
16608 36
16803 36
16576 46
16913 30
16640 38
16609 34
16809 30
16582 35
16653 37
16796 30
17021 28
16687 32
16666 29
16758 31
16370 43
16511 30
16507 41
16538 21
16505 27
16728 35
16673 41
16713 34
16866 39
16654 34
16632 51
16794 31
16865 33
16753 33
16767 36
16881 35
16698 46
16897 27
16662 30
16706 28
16670 32
16502 34
16446 29
16734 28
16656 34
16440 34
16673 26
16721 33
16617 47
16575 43
16856 35
16586 29
16547 29
16414 32
16662 44
16831 41
16546 41
16640 39
17050 40
16752 24
16642 42
16592 33
16581 27
16507 35
16785 36
16711 33
16498 30
16556 38
16852 42
16665 32
16791 31
16637 31
16583 39
16949 18
16822 35
16671 34
16758 26
16517 43
16425 39
16557 31
16659 36
16782 54
16621 39
16679 32
16381 28
16619 37
16475 24
16703 42
16574 33
16677 33
16566 33
16641 38
16710 28
16629 39
16676 33
16845 32
16740 22
16633 29
16669 49
16750 36
16488 29
16670 34
16708 30
16844 41
16586 38
16475 29
16761 29
16692 28
16517 31
16533 39
16676 32
16533 32
16799 34
16869 30
16642 22
16563 27
16489 28
16395 34
16628 41
16687 37
16573 27
16647 33
16557 33
16727 35
16578 37
16458 30
16498 31
16737 34
16590 34
16927 27
16765 35
16420 35
16651 34
16595 41
16780 36
16729 31
16592 31
16539 24
16690 34
16378 29
16860 33
16524 46
16518 34
16701 39
16682 32
16802 27
16813 31
16715 41
16842 35
16674 34
16540 34
16528 30
16660 35
16885 23
16769 25
16523 26
16679 30
16598 30
16724 36
16642 31
16629 24
16628 24
16737 41
16710 33
16563 33
16916 41
16446 29
16838 41
16666 37
16863 38
16803 35
16676 31
16735 28
16752 35
16788 33
16755 44
16729 37
16739 25
16638 24
16554 39
16622 37
16413 38
16606 32
16385 27
16895 36
16652 31
16557 34
16775 30
16638 39
16706 44
16779 31
16704 34
16750 44
16706 32
16755 37
16691 38
16658 31
16664 25
16612 36
16616 36
16695 34
16653 32
16725 32
16826 45
16790 37
16619 39
16654 34
16453 40
16562 33
16609 31
16528 40
16581 39
16654 51
16556 35
16647 37
16873 31
16803 43
16619 33
16516 41
16350 34
16659 36
16799 43
16603 34
16496 22
16790 23
16817 22
16656 33
16770 44
16495 29
16726 49
16694 38
16654 32
16667 48
16653 26
16669 25
16781 33
16833 27
16715 35
16633 31
16722 31
16915 43
16500 29
16648 32
16631 35
16847 35
16751 32
16635 35
16854 36
16844 21
16595 34
16617 39
16541 42
16526 39
16422 30
16649 42
16888 32
16666 33
16407 31
16754 37
16827 33
16627 34
16682 33
16641 47
16547 32
16846 37
16742 30
16619 33
16718 34
16708 31
16750 28
16964 32
16608 25
16649 41
16702 28
16827 36
16505 31
16558 34
16865 34
16484 31
16669 41
16506 25
16534 32
16773 31
16742 37
16684 38
16788 27
16492 31
16619 33
16751 34
16636 36
16781 31
16627 24
16707 38
16605 29
16584 39
16627 27
16548 27
16673 36
16775 35
16575 25
16664 33
16623 37
16827 34
16431 30
16578 36
16835 35
16933 37
16627 32
16601 31
16707 27
16849 42
16625 27
16489 35
16480 47
16968 48
16719 45
16649 36
16735 26
16571 25
16573 37
16685 31
16750 30
16569 39
16504 30
16823 33
16757 28
16847 29
16830 34
16839 34
16544 37
16719 31
16539 37
16581 31
16831 39
16814 48
16859 47
16680 35
16900 38
16661 40
16856 44
16764 33
16660 40
16684 41
16801 35
17010 33
16809 28
16677 32
16607 30
16820 32
16506 38
16697 28
16829 29
16582 24
16739 34
16625 25
16343 37
16582 28
16691 35
16673 29
16817 36
16665 39
16888 45
16726 39
16501 23
16797 41
16606 25
16893 30
16410 28
16471 29
16591 49
16722 34
16583 37
16794 30
16694 31
16675 32
16779 28
16539 31
16673 32
16714 39
16688 32
16718 33
16604 25
16662 32
16871 32
16536 39
16613 21
16501 33
16472 25
16700 39
16701 37
16475 41
16726 36
16708 32
16824 39
16445 37
16490 41
16872 35
16671 34
16663 29
16663 27
16571 34
16794 37
16628 29
16756 16
16652 33
16810 35
16608 28
16633 31
16639 29
16533 26
16677 26
16622 19
16474 28
16721 24
16634 22
16646 30
16675 32
16623 35
16453 29
16744 39
16689 42
16699 31
16734 38
16632 33
16747 37
16744 29
16568 33
16668 27
16791 36
16426 31
16657 21
16662 31
16748 27
16833 31
16647 37
16719 33
16818 40
16707 35
16692 32
16624 31
16787 34
16551 42
16557 41
16601 31
16715 32
16784 44
16494 31
16674 35
16559 31
16534 31
16614 28
16663 29
16709 35
16761 31
16438 35
16720 50
16663 35
16636 25
16738 29
16816 27
16684 32
16777 34
16675 35
16616 31
16769 38
16858 44
16552 42
16474 37
16719 29
16690 39
16665 33
16542 25
16665 38
16586 37
16778 36
16627 41
16584 33
16685 33
16421 34
16608 32
16706 39
16597 31
16623 39
16603 40
16619 40
16417 35
16748 38
16830 23
16805 29
16508 33
16568 25
16890 39
16583 34
16506 32
16654 32
16613 24
16659 44
16653 28
16743 44
16789 32
16389 42
16529 42
16872 32
16658 37
16760 29
16614 31
16849 32
16857 29
16653 36
16805 36
16667 36
17064 26
16681 35
16788 22
16577 43
16794 40
16760 30
16927 23
16800 35
16641 33
16645 31
16563 38
16917 31
16775 34
16598 31
16543 32
16426 39
16570 42
16413 21
16605 38
16615 38
16565 36
16825 38
16699 41
16856 31
16572 34
16785 39
16798 36
16688 24
16682 34
16635 31
16369 38
16543 23
16699 34
16674 35
16508 27
16797 26
16872 34
16870 36
16718 42
16410 31
16592 35
16807 37
16610 41
16718 38
16700 36
16701 35
16677 32
16733 36
16728 33
16603 30
16885 27
16493 34
16716 31
16501 33
16764 32
16869 30
16573 26
16784 33
16664 39
16665 47
16581 31
16432 38
16647 32
16533 25
16866 28
16647 25
16458 37
16778 29
16828 32
16737 29
16731 41
16710 27
16579 26
16701 35
16689 29
16722 35
16630 38
16824 40
16392 29
16663 25
16454 30
16809 36
16644 43
16814 42
16783 29
16448 29
16640 25
16604 28
16661 42
16749 32
16771 42
16594 25
16762 37
16528 28
16692 32
16780 39
16578 24
16802 30
16531 37
16521 40
16423 33
16562 33
16540 27
16867 28
16623 52
16662 37
16603 36
16585 38
16635 32
16547 34
16637 27
16678 24
16773 37
16411 37
16867 35
16775 38
16598 34
16698 31
16670 23
16555 29
16736 32
16690 33
16564 31
16684 31
16560 25
16815 42
16453 31
16622 32
16671 36
16578 38
16553 29
16491 29
17020 33
16530 31
16367 34
16755 35
16625 29
16725 37
16472 27
16632 30
16732 30
16721 30
16761 30
16692 27
16741 41
16665 27
16832 42
16671 36
16768 38
16707 24
16842 33
16597 22
16657 32
16526 18
16820 33
16801 32
16653 27
16804 38
16803 30
16699 25
16545 26
16783 32
16686 31
16693 39
16750 29
16792 41
16646 43
16683 43
16667 35
16506 32
16713 25
16893 27
16589 32
16795 42
16526 28
16802 32
16843 40
16699 34
16515 32
16731 30
16613 30
16729 28
16613 23
16680 27
16801 39
16705 24
16827 32
16658 36
16596 28
16583 34
16558 29
16594 30
16562 28
16622 27
16624 37
16704 32
16735 30
16750 41
16554 34
16781 40
16727 39
16692 28
16873 24
16383 33
16631 43
16762 30
16673 32
16765 43
16437 26
16875 36
16776 29
16502 38
16874 33
17034 38
16742 37
16786 37
16692 36
16622 33
16666 45
16691 33
16614 30
16659 29
16612 44
16759 39
16792 27
16273 39
16703 32
16598 26
16639 43
16633 33
16630 35
16698 35
16522 35
16653 44
16587 30
16546 39
16516 30
16737 28
16796 28
16614 33
16881 33
16733 41
16654 32
16783 37
17045 44
16500 28
16475 41
16571 25
16726 29
16733 33
16570 37
16726 32
16606 42
16736 29
16889 37
16598 33
16733 28
16581 35
16777 30
16473 37
16639 41
16628 47
16580 33
16902 27
16688 30
16483 31
16507 28
16803 26
16985 32
16615 32
16642 38
16796 35
16481 40
16775 30
16916 25
16662 36
16775 32
16622 30
16792 35
16442 31
16647 34
16764 18
16706 38
16437 34
16471 34
16605 37
16561 26
16746 32
16571 33
16745 31
16460 43
16480 30
16486 26
16632 34
16623 33
16688 36
16707 34
16688 43
16440 24
16662 46
16478 33
16529 36
16590 37
16723 23
16541 25
16674 28
16650 28
16626 26
16709 26
16548 39
16458 35
16822 37
16514 34
16449 44
16620 40
16637 41
16611 32
16634 32
16861 27
16624 30
16839 33
16447 32
16785 34
16704 36
16737 31
16712 30
16595 38
16549 51
16743 27
16614 30
16600 28
16668 30
16652 32
16687 34
16721 31
16694 32
16761 39
16638 39
16607 23
16681 44
16538 40
16407 35
16608 30
16572 25
16690 45
16643 45
16562 32
16684 49
16734 30
16713 24
16587 44
16782 41
16761 24
16695 22
16558 31
16699 39
16566 30
16770 34
16828 31
16636 31
16635 36
16698 29
16789 33
16817 30
16819 26
16490 41
16861 26
16914 38
16778 22
16516 41
16361 30
16653 36
16573 26
16622 37
16586 43
16628 29
16453 38
16749 34
16789 32
16482 37
16622 39
16762 32
16416 34
16443 27
16775 29
16726 34
16786 41
16840 34
16639 27
16585 37
16707 28
17019 44
16621 35
16710 27
16569 38
16609 36
16859 42
16650 39
16705 31
16488 41
16634 46
16616 27
16731 34
16804 38
16271 26
16708 29
16647 27
16689 28
16660 40
16697 32
16477 29
16532 21
16363 36
16709 38
16560 36
16848 26
16725 33
16778 26
16931 26
16772 48
16817 33
16552 20
16610 33
16758 36
16622 33
16499 48
16777 36
16542 46
16809 31
16808 33
16561 29
16793 42
16632 37
16903 35
16420 29
16624 21
16899 29
16495 30
17032 42
16575 38
16581 27
16817 32
