150
120267995 37
223824794 36
363291084 35
828393753 47
245213486 42
262578185 29
231186457 33
496937046 36
43151041 25
310236990 32
527426282 33
635254673 33
508667355 33
330532207 30
153809053 42
410496274 39
282985586 40
745814135 40
466114940 30
332386810 33
914191386 26
467941027 24
261869853 31
287430084 33
17108566 34
845215860 37
243235404 37
518103494 38
134785783 33
770271435 28
443442485 27
284569968 34
759457078 34
702047425 26
788010915 35
803291218 31
362841014 35
944510805 28
63853868 27
215962873 28
271773050 45
845104048 32
494522020 37
374978098 40
298200855 32
993838920 46
298978808 39
247305433 36
993721984 35
644234612 30
71877477 35
177523518 28
502411803 41
556586422 31
659001025 26
672432677 31
124703756 36
378552626 28
329962969 38
126210478 34
745639641 23
781090450 30
838461489 23
476782971 23
813492997 40
591081601 33
213160466 30
178490939 30
494918829 24
717665119 35
99397452 40
700316414 33
639977192 29
746037897 26
179320659 36
589588810 37
333696847 37
201779620 34
66287477 40
363683818 27
566312730 39
359603607 40
58672173 43
226259733 40
463747560 28
95161797 41
729522682 43
856284367 41
263119334 32
243782524 29
214191242 29
409266204 43
613250648 31
720254629 31
355220219 36
131324456 30
104183670 32
831344410 41
246799622 46
896294999 29
867514749 37
878588575 30
849379530 22
184821329 29
732100781 51
516998215 25
50335744 31
105522578 23
357654700 30
548845620 32
250924103 35
986818383 29
342758446 43
69328922 34
982641482 41
128644605 32
895344009 28
651174924 46
430043814 33
81144437 30
117016022 29
220390906 32
290398916 33
898551560 33
830198696 32
219874294 29
823774915 32
906740826 27
775076943 33
7654358 30
852839050 36
648831422 34
146343023 29
436173766 32
304328199 38
361569680 31
102524079 32
123142405 41
788289356 31
727887544 39
875339537 38
739588827 25
806956983 34
509880386 41
246573365 28
492478152 21
278272351 31
889696706 34
704514977 22
807731337 27
