3000
244697678 33
201245933 30
148404573 20
467190885 21
72346062 51
760616137 36
381663819 34
163528484 30
911526147 28
425594433 27
250889723 30
310149141 21
584670494 28
547490473 31
193778683 36
325304804 41
115795380 40
640794053 38
903552497 38
371337276 16
435356172 39
321795165 37
224296236 29
116266426 44
551316984 38
541266453 38
539201779 35
624991999 38
212420724 30
924189306 26
931075220 32
924147760 40
225239829 29
602995847 42
148307290 33
954177986 27
618130141 29
647973661 36
971244152 37
619552099 35
629956664 32
159860863 22
408547010 35
971072171 35
19265374 50
504044283 30
940417413 38
955678638 33
529682321 28
568214531 28
42272981 28
11064342 35
52765131 34
8765744 36
238690777 37
241752430 36
346058057 47
985206634 28
2304187 39
735879 43
406024220 29
413641556 38
154202714 33
53542973 32
455925286 31
555036310 29
672023066 34
977826825 26
900435658 37
239263152 42
240490717 31
74997803 22
384114492 33
208346428 29
996419380 37
312096956 34
652421973 32
946349809 33
114199000 29
696259371 24
14125361 32
335100162 38
787376595 32
567964953 34
140265808 23
90585286 34
664831485 29
2939670 31
821354111 25
971598390 38
524806992 22
801184137 36
184252420 27
480389179 39
697421058 28
126795399 31
435862716 34
918456388 33
273888458 28
875539733 40
684563642 31
611537164 33
645181028 24
654345866 35
830381190 27
40720645 34
64815902 32
34355516 42
28000223 31
378111953 36
814226077 27
376880638 42
334907677 42
919420999 37
65116659 32
383888928 24
111649955 29
587087654 38
719677777 34
226720177 27
746960517 28
331167326 25
320486215 31
658959199 36
455592940 34
530922688 27
291315448 29
512399421 36
593399971 42
48816421 30
877351832 30
291549417 26
911659489 37
224024820 36
923852515 34
33785481 30
785922494 31
687251735 33
535282362 36
734435246 37
119990027 40
183459390 36
433976449 25
477406635 25
281773138 24
837871393 29
856762835 30
79316567 29
124950876 38
896841576 29
111393367 43
781136124 32
880112593 24
713282265 40
311517943 36
472026046 29
70088484 35
851035299 29
634552739 33
788979232 25
260553202 34
17311939 35
706744124 30
991982206 38
485544460 35
305012180 43
115169205 23
786557162 39
212258945 34
193983442 41
648382953 40
232170349 38
184771893 28
70351550 36
548791906 39
134083398 39
766524581 39
810875019 40
550582929 28
208953364 41
501156736 35
234825898 38
263125451 23
895570175 43
177254289 39
327875208 20
915083009 33
265446997 35
694849802 31
565937253 27
11883048 33
898805441 25
6397693 30
106689298 35
341102112 36
565561340 39
201706877 37
516447452 22
546453972 38
221684660 31
569706504 33
67594565 31
811343688 33
415343224 33
818896234 38
878375785 32
171092618 35
195272564 28
387277001 31
937341617 42
67674504 31
230201068 34
293166827 37
256343070 27
873859719 27
263246780 38
742699867 33
670051623 36
152362829 28
846107889 39
999558943 28
350921447 34
889546940 40
704370085 28
33003432 29
526151592 31
834087984 33
430819245 28
607786894 29
464445867 36
760265177 34
834161002 28
922288331 23
239225913 20
704571111 23
617764660 35
478632219 25
512514983 37
775046770 34
198881144 35
47648516 43
718541936 36
649038574 40
592815557 27
46573922 33
707675777 36
931245375 33
576180144 38
109412237 38
161317784 39
422371256 24
350512592 38
339587193 25
360181269 32
587626230 34
520481086 39
822764674 39
241008081 41
528658706 31
999842692 38
59277166 28
155217250 28
184403103 30
64744215 35
2211915 38
3759001 34
94191031 31
130235551 39
807338881 38
901691242 39
825507380 36
578637784 37
987087914 30
314180114 27
213833025 34
683879757 31
68786669 25
156096432 28
491572400 35
53244783 33
184805985 37
797060832 35
249180931 27
301704795 42
141359953 40
566629453 40
633017333 30
511903541 32
264999621 24
611941427 39
173911162 35
480857231 33
561924054 25
961381822 38
598396831 31
608722203 44
858629533 32
527253466 32
798425323 35
518969568 30
359399532 39
183867987 29
497087819 40
41410911 19
220873325 42
54083173 44
719376953 40
515149662 41
540673989 31
24619456 34
852191027 28
340173933 29
71103499 34
829657524 30
777953958 34
859854471 34
530666488 31
431254847 36
311276052 33
609317867 29
454522940 21
94035373 32
913863081 35
748614323 41
177945458 32
86586844 21
610757914 33
535911418 33
633234761 32
251562581 30
350676812 28
860898755 32
100488960 31
699894110 33
625588749 30
105571667 31
68753430 37
646888389 35
191842054 23
978470606 36
957570068 34
375407738 32
699146019 40
864268254 35
900550517 39
728489374 31
28908860 31
863629889 40
542783041 24
967129841 35
983239523 29
938984968 39
839672633 38
99900705 30
434936304 28
424322244 31
11480914 35
21992008 51
402664716 33
285480052 33
830024015 33
698947488 41
180094852 34
536998241 27
245482463 32
548900196 29
381956921 39
602514764 32
197813817 28
787046770 32
166191338 29
576143766 37
739211889 32
513338024 28
389455138 30
402950467 19
167095814 35
967947854 31
322366160 22
93893541 27
318144106 37
734022611 35
983228031 30
775315238 32
359104659 32
296329594 40
270209675 38
158868847 33
968799846 29
769192294 31
724746845 36
844449484 31
206687412 39
859881031 34
206909152 36
261896186 40
274349235 27
304466801 35
203823165 32
54203271 22
38715628 33
40327433 42
837309238 38
338104226 32
400749812 36
277805753 32
841519971 38
696773569 28
322172542 34
163064357 35
239615697 33
634873209 45
799102548 37
668997372 38
516448726 38
682146758 25
59262562 41
416340977 33
428519187 34
816340318 35
923318483 30
299069820 34
508367531 35
683355026 38
116552906 48
925397677 23
332033838 38
328103451 38
202956527 30
110137312 33
158930300 36
138617996 33
778515531 30
612024697 38
652930226 27
224221834 33
716333328 29
829273002 42
977680714 34
217036718 41
118296964 30
638838281 26
644369534 34
720030426 29
9635255 38
444033765 45
95266936 37
576768025 36
868662654 45
609987871 32
917298041 33
506244075 34
965273406 36
269607288 32
960452171 28
799867772 20
704908283 32
938358485 30
334939858 24
737199323 31
158054671 26
901375773 33
892945695 33
2073950 37
930589688 32
277711488 31
700387729 38
184324237 35
145447159 39
201046351 41
660140329 34
712512225 37
24657078 22
568702594 32
11411626 40
409537039 38
786345864 25
976513954 31
341413551 31
861486610 31
246818010 42
524971961 29
234189357 29
228052895 28
804173287 31
969836626 36
843015850 38
20386244 28
347198226 21
490879894 26
306072234 44
688695898 45
17932070 35
758855550 32
805663253 31
912322177 29
457961081 28
349788190 25
673503586 27
157091603 33
968508121 31
514676339 23
142453929 25
438905140 37
711858361 42
927628535 36
549136213 28
160183983 32
622996106 39
879269689 34
536805156 33
472401936 40
23273227 33
664291949 39
261168829 39
492660333 33
162836255 40
138270294 28
787904071 40
180549056 36
652718285 35
938081132 21
721710218 33
205530989 32
658418895 42
71749895 36
732248882 31
816321486 35
72648951 30
91293557 24
134031176 27
369975851 29
111466003 36
767503054 36
556951842 29
809105242 28
576841538 30
700426189 27
717211790 36
693901940 41
188445286 28
51682436 24
624886510 37
611736694 39
944057398 34
656225898 45
879857347 47
172353156 31
258453913 38
373596212 36
331557635 31
797243503 34
651283259 32
44545122 35
623706869 38
207723926 28
686415399 29
619625187 25
717492940 34
913456080 28
872184203 35
960847305 25
282718665 38
361757509 38
740504565 50
983757232 37
744630847 31
681138511 39
973595755 38
173647727 29
339207675 33
630852742 22
505860747 40
827907282 35
902138662 29
912725229 25
301184702 31
203503309 27
869509772 29
304992988 28
992064027 41
260991573 35
347144933 32
924726598 38
46512483 35
751192988 34
913025143 29
282865610 35
214422759 48
705978363 36
474837705 30
205872769 31
552502992 26
582441189 33
987782014 30
189323643 43
292433828 37
570404717 33
726428180 41
384973250 43
834723010 36
715878716 26
57922490 24
18265836 34
21786164 37
797241913 41
707777125 25
670594560 48
422524411 33
754858551 24
722308584 31
336058827 37
298456726 29
348522031 36
682100558 26
290609050 38
638220477 27
131348263 24
767545458 22
233045988 33
935475563 35
408541017 40
75666423 33
725954568 40
234629136 35
431861977 30
522367042 29
591448493 34
177540449 35
601522358 29
521887211 25
981270087 36
485671166 34
912109670 29
732180431 27
993822275 37
762413645 40
541045298 34
775796506 34
970953127 31
779302876 38
874679654 32
876521973 38
961561793 27
13017683 43
119770314 41
648520972 25
867483398 42
969406951 38
863855382 23
749817509 37
964245844 21
128056593 41
201242886 28
175520491 51
111793546 45
728048723 41
99542112 32
898677341 43
590068031 34
27536754 23
199889038 36
384365737 39
919536541 25
227283658 27
55901432 38
261178562 39
971080977 24
97094971 38
579386717 38
261349140 37
116507065 47
505053316 33
3176092 34
195077489 33
835361104 25
219548338 35
124987503 32
65889905 27
928111866 39
577112380 38
738141957 31
507542961 35
810695889 31
868157878 25
740311269 38
650170126 35
499736792 26
982868780 39
16153757 38
354961649 39
613124036 40
233877530 41
624205262 32
994666960 31
330774261 28
549966937 38
33426476 38
306151477 41
409904511 37
651977715 31
342057432 35
964261435 29
959785779 36
964460923 38
387668495 31
514893555 37
237016476 39
70662174 28
195085669 30
297685028 27
138290180 26
187624458 30
980833876 32
832202726 31
571107561 35
474740644 36
25342269 31
485232818 28
30977813 37
56454867 29
355384874 29
836404147 36
83838225 37
781522675 20
599247525 34
907524954 29
318925395 25
768336621 21
525196790 34
603712490 37
283544182 28
222075906 25
53386020 28
567637954 33
260407936 33
385792135 30
619466107 33
23961370 36
892266683 42
764962949 32
231632517 31
512157466 32
246428133 35
546832903 29
344255751 29
433278687 41
189314450 26
779235974 31
940466493 31
713040047 36
499016428 47
911880952 20
936974547 43
328541251 28
530355883 36
373645939 31
893117730 26
967002769 32
469793043 28
279792551 48
593790958 34
227006576 37
70848398 41
63931846 20
357087201 34
643572011 37
190065145 27
65573770 30
3321075 24
339430781 41
666216761 36
347674948 37
717571323 30
640666951 37
951687927 32
184698383 38
369334996 36
356259978 43
207001176 28
311536013 26
186247208 26
130079018 38
548602977 26
897039713 37
87733391 31
43174225 34
130059679 36
960470035 23
770253949 27
738137804 37
434532331 35
152838 29
68914386 25
151115957 23
587115790 34
509044932 26
721050509 37
204219999 31
775753978 31
557742013 40
8363862 33
964864866 33
506493877 37
616828944 32
210611057 49
15076302 32
906688694 33
294167704 37
469010017 44
105159106 37
244771738 31
102011449 27
767819195 31
79861504 38
125204804 39
243494386 25
4538141 35
332487042 33
43892866 37
843839398 31
879164057 34
492291479 42
114748819 28
357054606 33
528832051 34
261015991 31
138953698 42
510120749 37
555399263 25
8444692 37
400844176 39
234073294 36
749724474 30
387088804 32
208304219 30
849091386 40
883174950 32
951967043 32
915538616 24
827595271 51
161837925 32
405773996 44
962701047 33
657396703 33
108537422 30
763622483 33
13293852 28
319469856 29
934152696 34
201468163 30
449434448 33
33384316 33
606984635 35
854905233 38
332965645 35
326122506 44
630540669 40
749054081 29
600160758 30
910040622 38
547972179 46
587138848 36
273732366 30
327576524 33
755966835 32
418674291 37
762373509 28
843038490 36
527837269 34
118208201 27
179927293 42
800967183 27
180176846 38
478076200 27
584418837 35
281574586 40
507965575 27
110453391 31
476274045 28
152595051 31
255573099 29
368495725 36
236824577 31
307439277 36
588619058 36
46576367 25
708881650 32
259492507 30
910738618 38
237924892 32
951682053 36
567053217 28
459514794 35
81818121 41
778934908 28
56845259 39
380783999 25
913270296 31
43701188 28
476734087 30
77636541 28
405180499 26
134463241 32
339635678 28
203100071 39
743783183 26
508185617 33
958753650 31
967442869 40
95938499 32
63707792 37
129429223 27
746973264 52
947971643 37
824850916 29
923985107 40
735946376 36
37528439 28
848342794 32
757071087 30
537990576 29
786559755 38
529437119 40
278940559 44
38262762 33
67033128 35
452506226 31
262990611 36
676189590 29
173712979 28
938028316 31
395284868 39
895468009 34
853320882 31
948123989 35
140128012 26
443850910 27
231424476 33
898966208 37
306075684 46
333254992 38
230194110 30
744333503 45
928842278 38
238759315 28
587445216 32
125283315 39
226109377 37
90471826 23
167966773 19
314831494 34
567776148 39
926948510 31
48988598 32
976984847 20
778179094 25
185851171 37
71927195 29
984267433 32
377209207 31
818970811 35
537781916 48
983218754 33
989142816 33
40204430 22
67563985 33
884566965 40
285018875 31
10737890 31
31090944 31
552344584 40
115443280 29
112813808 27
662312135 45
821716141 37
247674071 27
68822762 31
279029641 40
544898118 31
77228093 34
782536059 38
712669589 27
554217653 28
84179603 26
319603860 39
468413335 30
818005541 24
964201698 42
34186738 28
209806204 44
403977802 37
715610987 27
62184663 33
165065110 41
801869256 35
268250818 27
544873783 28
760434727 38
606480808 31
111362933 36
723357333 42
643256622 40
711836407 32
3008691 31
852084976 23
404040692 28
910091449 40
457303506 32
352041882 35
233339777 44
642639021 27
154624380 36
456569047 31
482081270 40
299351575 38
362678714 31
346792634 34
669684674 32
72669592 29
907750689 31
432852938 37
160213897 28
638780160 31
294847967 39
140171681 39
645877233 35
665120053 43
909406573 37
194283310 27
974130012 40
605066384 43
676544674 30
132890241 25
24352095 38
244365798 26
53448750 31
235530314 43
794727484 37
100089782 33
863147909 48
437796093 46
554607010 24
218500173 28
600881617 49
666463999 30
381107474 27
174988051 31
169672120 33
408879169 38
107054491 33
136752803 35
120360067 34
336447218 25
550358746 35
414966234 40
125958426 27
374839607 29
448604766 44
109391020 33
810707251 26
365735132 32
267935451 37
938314058 45
94139882 32
629610989 30
185025770 35
24943577 35
185005353 29
207238958 31
571300591 31
660822898 45
401803539 39
44729906 30
436161336 40
245837686 35
29935464 38
259562338 37
103189989 38
303391363 31
130416377 32
424713700 36
236281111 37
436648453 34
98169625 22
730959399 36
745522514 32
936510550 51
155042520 46
520376329 31
9133266 49
973661796 30
991028067 31
406068039 34
37175825 32
534646343 29
800520535 27
870717124 29
207477151 40
657118031 24
482896516 34
405783013 36
412385947 26
662530493 32
414362191 35
499534730 35
530058741 29
256304308 40
985208099 33
555117068 32
146152630 32
845161053 42
358920676 37
899624266 37
444959985 43
543201394 28
857048321 28
374525946 26
77053433 37
93655058 29
296481016 26
672400516 28
285187343 31
665787709 28
727460831 36
103101767 29
970300906 45
146010120 36
110248284 29
52460001 22
952152668 37
941287924 28
827824995 38
383630365 37
802774021 38
838872005 47
203122741 49
523546789 35
921740637 36
682993976 32
862256905 35
95860237 30
391504005 35
643553557 33
437572836 31
100647976 26
752795139 43
753710017 24
411249772 32
576809285 33
308104723 39
156856901 30
178936116 46
601496499 41
154222246 34
449389088 32
327808954 41
766063637 31
674908517 33
176072321 30
878224166 25
105256676 29
735154478 28
864510630 32
979455915 36
696920032 32
830619728 32
206076589 29
764225255 28
383057942 34
512546483 33
798598115 30
498498540 44
873490421 34
728655054 32
157875584 31
264246600 50
778023558 36
381728098 25
488778478 37
222996959 36
57689007 52
584437021 31
900176304 29
718489417 27
615123595 32
6795401 31
815479508 46
966055663 30
305617015 28
683609300 29
950719702 29
597314536 31
238999484 37
360821418 25
610723857 30
266049928 37
39184612 34
717201773 37
286668769 28
88753500 31
888115897 26
273057415 29
211397790 26
6877028 29
10428538 48
673189040 41
543746937 36
670336487 31
338955873 30
259842556 35
645017753 36
429810576 37
259353338 32
297458742 43
635787782 24
127298190 35
685061312 23
382415612 38
262431291 40
189188828 29
674378144 37
117400718 26
319358279 19
118225151 35
143677199 30
194246687 33
412540628 28
959549865 50
466028376 36
153992462 28
410195441 44
688015000 41
94453572 24
407248028 38
848505871 38
269111561 36
27003089 33
673370514 31
920089584 31
549769029 33
127868145 33
866641929 41
122909323 41
991324218 34
598403217 29
15765156 44
499982883 36
145277205 33
567141569 32
290279955 32
82533507 40
576262703 23
550777229 35
215308532 32
305078559 27
291747521 29
769478 29
475022601 42
267785684 27
272800263 33
256720448 34
397398573 39
33706412 37
18494212 44
169083922 44
60194671 30
124193717 44
226977524 30
624937271 31
630920774 37
113614368 42
438550291 32
39958248 25
661330399 34
155033242 29
945093879 35
119095104 31
785705077 47
88535649 31
25694917 31
293699464 31
681693623 28
660385383 26
76654070 33
504591492 39
316669629 38
499133441 32
158346301 37
371395963 35
522388388 40
27316396 30
782200030 43
262297225 33
32584135 30
462092162 39
578567020 35
476467381 36
127359358 34
160564929 31
260384384 39
728274537 41
302740619 37
25631295 39
2828880 47
43007844 31
113596073 38
952648905 30
417544066 37
781753240 33
818513304 34
907837448 36
646660655 30
846858646 37
81115252 32
919986142 42
100895893 41
97182622 35
104899937 27
182481414 33
760517422 27
735083195 27
114120237 33
111229493 31
376663310 23
413474585 45
428932085 23
776897465 37
547550742 33
917425519 30
315004173 26
278192009 44
237508258 39
776563697 17
930517432 30
408391513 28
724984023 31
459659003 30
77468798 34
3968156 40
377696562 30
998112427 35
517616351 30
333068722 36
5946034 33
863423346 29
296796033 45
87604340 34
827748517 39
80340241 36
652824293 26
605717875 36
634206307 30
669288845 34
514629577 39
755343028 38
218717647 37
550262090 35
600653941 36
1583711 33
297977911 25
520953287 40
247971894 29
941272866 35
211092942 30
684657909 31
656527440 26
212285760 35
328943769 27
843502070 42
920532640 39
441019759 36
447257335 45
985612886 34
527703680 26
507492866 36
349733810 42
18212309 45
394778243 37
95306710 41
860716380 30
143443677 38
980590371 33
339281629 44
879361277 31
150836618 34
956157426 30
245615210 44
14428822 36
845788673 37
893422363 34
422839356 35
273524346 25
94804759 27
917719258 29
805113527 30
502098586 28
729057140 22
640407194 34
3376461 31
18898947 31
352564606 37
461776703 37
991013919 27
582941350 40
488865424 34
36826950 37
185849446 31
852118696 22
195382875 31
853554497 39
765303579 33
461931992 32
937424678 33
413985307 40
197678195 27
927952471 36
390627802 29
40088080 38
809237310 33
23176587 30
773887452 31
744093974 22
19905877 36
546483781 38
5341010 42
571211301 32
687657298 24
327350560 40
161314914 37
570463750 38
92422249 34
513851024 32
234549476 35
624275521 37
453650418 25
485643319 27
235010450 30
431948876 33
531982138 32
420774637 39
556955942 28
437017130 21
51040865 29
530781422 34
74776053 32
570532399 36
459763088 29
123518922 37
812948376 31
854375501 33
809401544 33
458106494 29
999410472 32
847448758 30
796736173 37
608059701 41
7833427 35
415305163 28
772065322 45
560701174 38
724597797 31
151902979 35
179344754 36
212505546 30
676113745 24
5094042 41
150664568 26
437807673 23
713834181 30
266616423 42
334489609 33
869594259 43
527011812 25
459752456 34
618695994 21
592639537 35
441025142 36
6645102 28
209562227 35
234848146 32
706835529 23
917697510 28
258102066 26
795400362 38
584355084 35
605994806 40
321794552 36
170324081 29
580331875 31
222675365 30
25080933 28
782804434 33
172225249 22
138703406 34
780784345 35
801177894 33
109375429 43
675528635 35
644805743 42
115233724 28
727474452 40
622028839 42
735634232 30
773264807 29
353944886 29
333751853 28
19608864 37
601848041 35
332342894 21
864902298 29
77516338 33
936330614 25
337959379 36
293607661 31
41938010 33
72129453 33
65574357 33
271491135 44
60335879 30
368364508 37
434582680 28
508379715 31
546882365 26
787825360 38
136995243 26
739965087 28
880941195 32
538375245 30
15781733 39
278902433 36
73679620 27
12461478 27
237495913 34
174910898 27
925883328 33
558515414 37
571496573 37
522529089 33
883618589 35
953267764 36
785665777 24
824481932 28
556570421 38
728395350 37
770623767 39
167224013 33
760629515 34
144982281 41
111101728 43
24580987 36
586230473 31
132622771 33
645823908 36
435642169 22
890404364 31
491936351 36
289827020 28
415069988 35
239273566 39
725449897 26
131034813 26
561645301 21
702718493 35
965029699 30
652474638 47
136226800 32
160796627 41
466705484 23
360648403 39
900385837 25
937262275 32
573824319 35
854390810 28
629311519 30
443705325 32
858339 36
562908995 28
18997719 28
641678470 31
741952715 24
225060902 39
380876005 34
485853785 35
883929105 31
313391900 40
50932819 29
565065630 42
949160858 41
10572135 35
879420293 29
870362753 25
258957487 31
162166420 38
435637827 34
54660599 25
871714317 37
857505883 29
805609801 37
567079078 33
426996047 38
495134718 38
792661465 37
723463630 41
503270558 27
830812446 29
969861019 33
842807050 33
365596074 34
579470226 23
394821951 27
558769120 37
427325159 22
724137301 31
87331653 34
93065014 37
231767569 43
46445689 33
675532638 34
200281736 41
251525923 29
386969318 31
450410076 23
88346263 44
487512693 29
766358777 39
240382473 37
316377207 34
110125050 31
587103751 40
38330467 39
527356751 26
125100870 34
815851619 31
227723626 37
62205412 30
778258596 28
755446999 29
186454585 30
650260781 36
602416317 43
324386705 36
337542032 31
785087329 38
316347264 34
958235075 27
151479891 27
977180737 29
344621814 34
27358049 40
759985327 27
961093327 42
595851136 29
980602342 36
521234441 30
335933766 28
370317011 38
722273538 20
290514952 35
602364659 28
412316907 39
653875910 45
260505258 26
594205348 37
204046905 32
893543097 35
985817888 43
635506386 33
965143313 32
679308054 28
240317617 45
193195818 36
862163206 43
405272685 38
400445821 40
20406257 27
588747799 36
843414232 33
585824123 29
978575100 28
978321560 29
183760561 27
569866821 31
369910511 38
900336385 38
442251886 36
211461865 42
839889214 37
722123086 26
214414715 39
627691594 26
790505669 34
45847613 30
888546577 22
118255603 33
403334135 20
191241106 32
703229874 30
774234141 30
492968258 36
339415926 36
719032133 28
792161254 39
129808887 28
616662726 29
901376070 29
298828486 31
742112472 39
308023510 36
95261211 40
285284044 32
266827668 33
265756593 37
521685635 26
118021015 34
760498606 29
285093261 38
105578433 41
243244868 29
671121190 35
459468934 32
719116200 24
236755818 29
425401951 29
589968822 36
470144674 45
739857354 34
46800127 32
882381571 39
618816578 32
322171443 42
90174075 23
847056917 28
840076153 31
377462160 29
341044587 41
247855622 27
284012906 28
231117754 27
704916009 34
690392452 41
37760010 35
632082127 33
356207384 36
13578075 36
830063718 38
318897215 34
193106853 36
210857718 28
116908948 30
20053313 35
469233657 29
843856494 26
55047703 46
514277248 35
744276200 32
499631449 30
985257437 24
851753654 47
530145479 31
929310697 24
343209724 25
253928761 36
694228362 39
204425261 33
267413741 26
227114274 47
705586636 27
608190156 22
59585093 37
319120674 29
427038928 33
562406109 42
884830461 25
182501975 17
357972902 31
70857081 42
635357379 31
463180742 41
183751311 27
212503204 41
279929722 41
930373272 32
89821176 36
636026704 38
650712513 29
188388217 45
356304471 24
39287183 29
172934758 35
769418841 46
758175696 26
518548964 29
255196295 38
582385038 24
76408912 32
636161129 45
248700522 33
100307968 36
522851141 30
936017419 39
432323530 31
82736374 36
250929257 35
560491048 39
471215056 31
311739623 29
226165338 31
186958801 25
116377758 25
795490042 29
97393470 37
465479327 31
545439362 40
205324870 23
579237920 29
726149873 47
435726396 30
895261583 41
819436445 42
254067615 37
808867852 30
279979022 37
700361815 37
594208480 48
185863818 33
792438845 26
813418532 37
240973073 41
691595505 41
643103384 30
604917008 33
977711156 32
262142200 31
586192824 30
59711664 42
403531138 26
817003668 29
60405830 46
141218270 28
238951514 28
504112501 31
4799666 36
500505643 30
924167178 29
563145169 33
270338367 28
13623719 29
262186927 27
971024771 27
409589231 28
678283668 26
850337097 32
949961932 35
170916901 31
220509824 34
796635593 35
274233625 37
270586738 29
858003882 23
346424952 31
782019696 25
623230294 29
39718092 37
341794097 33
959635417 22
306987652 39
79486636 35
132505825 31
185432996 25
772728874 37
826361930 33
190314479 25
308617632 20
789066121 26
312023686 30
909966082 33
114283499 43
428004758 33
982906920 34
837812825 35
144999002 47
675458867 34
438002886 30
156595676 32
570373093 17
394422496 36
64342762 36
308767045 25
979544011 34
129245992 38
456130251 29
299303130 36
916695588 32
495195167 41
423876861 33
975723465 34
919249232 30
526255774 40
722283063 25
742371259 30
531671431 34
875535540 38
569613128 41
60722664 34
944114903 37
604350399 33
694027862 37
191225705 36
187983876 26
243839015 30
190202531 27
153742962 36
962285754 38
374041089 33
258640561 38
157998186 34
256538090 26
784167670 25
198112270 29
507946773 39
795681340 26
102089691 29
285246245 29
976523057 39
466162689 31
539452596 34
868079225 28
617893327 31
34077141 24
269654776 27
326189687 24
863129117 45
487449804 33
518677728 35
708160417 35
956251366 36
512979959 31
328317601 30
878645856 43
623249622 37
488563652 40
754093000 32
933772125 29
534045795 32
222038938 33
671891771 35
637758850 29
975562200 26
494235047 30
919433481 36
770282182 29
249331757 34
776692998 41
730590547 21
243341516 36
233474925 33
890558199 24
835348082 34
260936681 33
351725936 34
338356986 35
681560769 33
70867111 32
675033162 29
334153549 27
894731701 29
255208320 30
397764395 44
73853492 35
863480495 27
801609909 37
865801534 26
982520454 32
792561109 35
709056713 40
526724704 32
693938049 29
303015600 32
846287887 43
463824272 31
932474424 36
843286217 19
674966938 37
318146608 33
266090472 32
424123353 39
889040414 35
858108005 25
135289597 33
43846555 41
41377011 25
835613793 32
344244312 36
751587315 39
706830519 33
573451395 26
755611836 33
156536570 32
816121457 25
220282676 35
96529501 40
92771802 37
955778773 32
552185678 24
703319592 31
3082354 35
258446727 36
24517754 28
872561664 37
135634500 20
388329779 32
208523882 37
81825345 42
610430730 45
28074754 25
108348658 33
159100633 46
93129942 30
166926730 34
845745192 34
179708676 31
769052207 38
774271524 37
475251835 43
142908451 34
808054446 34
190857650 36
484713727 41
806328334 35
395712115 22
50477012 39
733926757 41
78789941 36
205202380 29
100127369 36
38736243 33
109495714 40
15570439 36
748610546 32
26105026 29
448052129 33
972715468 30
838028466 36
587651463 40
288305681 39
918109544 32
100625451 35
5909062 32
805263656 31
546211352 38
854284739 34
751931111 27
550296003 28
726903471 25
208170736 41
148269218 24
79393051 38
274052089 33
962904525 36
152997432 30
929461111 27
285220520 25
927109499 40
177018865 33
274035378 30
811023450 42
84920694 29
225319833 41
227476360 36
892567429 26
3522363 32
273341839 35
92112953 25
340419743 36
711422851 35
834069997 43
398611140 32
216756834 28
259166094 33
378496602 41
311744803 33
41605477 39
368943450 34
50585999 39
985284339 40
644063669 41
948679575 46
962746132 33
176502568 33
769778213 40
691423783 29
850236995 29
874586557 31
529443541 29
154796568 33
689007513 38
152813965 36
879326581 32
192988316 30
188738821 33
605247344 28
182929734 28
642988244 32
696204668 25
102027363 27
791269345 30
573114920 34
392309084 33
425810769 33
761647791 32
446690518 38
935551103 32
241343836 29
645762764 43
296895346 36
841514861 38
412710435 35
682069626 31
618114073 43
600201987 34
189828271 41
644543167 34
55248165 33
380986839 30
721536598 26
766538819 36
605406648 37
320730499 34
295347159 40
970690055 34
593151236 31
259206758 27
209201297 28
719273221 47
215957340 31
871559490 29
756241143 47
13611596 32
719113591 28
174049540 28
377059460 35
962329400 43
803887718 29
622053577 37
735224902 33
492644027 33
623207851 24
972056142 37
794172524 30
791071423 28
279836103 39
987961496 28
67924130 37
607810841 33
123341697 37
808838711 37
4147044 34
605145610 30
94401784 33
874534295 48
533333262 35
402874846 30
141163429 31
599728383 34
868311476 34
73271702 44
738793084 29
404502361 44
568167665 39
370386020 35
315808600 31
174650865 25
824040274 35
132734131 28
462258748 27
96996619 30
129252544 28
862639935 33
713095970 31
798530821 41
920538207 40
596181148 38
209978474 25
77381131 31
494713386 29
475904878 30
906787246 31
880967009 37
522740088 40
804541177 34
471843642 34
15390912 41
9574242 26
2789857 39
872818788 32
107915872 25
778161851 34
215868550 32
869934015 35
92144262 27
726109004 33
71712440 39
249206243 38
759433609 35
402897453 33
772171148 32
402726613 38
885153293 34
524403295 29
583024934 25
114975100 30
802737976 44
44985219 27
238430274 31
326882647 32
722187688 31
530518213 30
872649653 32
221279790 33
597320016 32
576294236 44
71134424 35
957852515 45
88670505 27
930081413 33
367367812 36
125140005 28
475227488 34
934634151 36
974205954 42
175791126 30
272781325 36
865266534 33
205025235 26
347645408 27
695512582 33
405391725 23
502230074 30
455534144 41
734280078 35
400149163 39
135945846 38
618659504 31
882805326 36
856758234 39
898081431 36
505884228 29
696198665 33
531053842 30
915826620 31
405825144 29
701656701 28
514860326 42
674715652 35
247264126 39
338646997 34
630503955 22
716559009 36
422897483 33
745521158 28
439337044 31
335119176 33
91571177 23
332454333 33
482638071 32
830344791 27
814432877 35
408907078 35
594935649 31
995622358 28
128661577 36
718609280 28
387618784 31
221085348 31
219310257 33
977296241 37
23972543 28
746476965 29
262495347 32
81727457 38
132414574 30
601166112 42
898514720 26
404786949 31
16925126 35
498530801 33
622361913 41
658104422 37
65453448 26
546095163 40
999356391 27
215181102 32
845960792 44
508545775 31
717024313 37
286461724 30
805628442 42
738311780 24
390676964 33
110849520 39
351141429 31
669410663 28
917318794 45
260480205 25
333232629 32
652646806 26
274514046 26
314930864 38
181403788 37
672091453 23
348714877 26
915442388 34
576145225 37
822514484 38
168288841 28
92970109 27
595457084 29
889962171 31
367422688 35
724582560 31
580260613 33
448743431 37
645257248 31
391403489 28
311516265 31
958958509 37
84954221 37
510213378 35
480212762 39
459694597 35
305864644 38
822882108 34
114135114 46
622096106 26
24399100 29
672479204 35
606424909 31
719924858 29
252285441 40
46002274 34
355593363 33
418756990 31
139584322 34
696888541 32
335097573 34
68904560 36
744170808 35
201055797 40
536665856 42
423960088 28
823532786 37
743737423 27
432834939 28
677632194 31
388329766 34
274002493 31
47195874 31
864329709 30
986171518 24
970649266 34
951980052 30
251266228 32
326578227 34
856006679 26
23447102 33
637241315 30
389899967 40
224824276 37
703790753 30
895382694 43
643844781 33
329692564 30
699202608 41
267519821 32
975626301 29
386942294 33
160817226 31
811681520 26
276711531 29
742693195 30
311515454 39
43805428 31
641766285 22
406033143 38
548639114 27
500778242 37
595034998 41
343524614 30
14121572 33
36426358 34
8888868 25
281194065 39
656575820 38
598476290 43
340163920 40
615596332 39
422139523 38
371988069 29
778509929 22
860888316 29
895092434 36
122042013 29
161171892 32
215607076 30
854319654 35
170077531 39
352438256 32
6746832 21
654623095 29
668556234 30
488946366 39
271091030 37
26646325 25
843289646 39
652626061 37
151126056 40
466692473 36
466362644 28
13908797 45
142700192 34
288061911 21
700380633 29
803513259 35
60936192 36
896980154 29
269807929 28
190254386 31
513968060 35
54303569 43
704549382 30
455813348 38
546400165 36
429464490 35
648751788 32
715077852 36
241973942 27
619602344 29
243362854 43
430282783 36
704644801 27
101928731 33
102771419 37
219841434 42
201443418 33
527810290 25
81634128 23
333833287 26
782747804 27
169738085 30
281268689 37
225517525 34
55072204 37
433035577 40
55374800 24
872720060 33
527225646 39
250951724 38
937538246 34
656104249 33
440191465 41
698216658 26
197157102 40
610478833 40
307545885 31
374269410 35
198424822 21
845512477 31
487940528 32
26315745 23
927578170 38
87134202 40
793956983 21
282261216 23
850098354 26
279649285 40
500097292 29
811310225 35
922665998 35
786313001 30
590526 31
568489043 41
361993534 37
630060912 42
564433840 34
832442821 31
909497531 35
865640266 30
701312301 39
881049953 39
482331164 44
948330920 26
582722641 31
791842431 36
922694933 36
931658111 33
119078406 45
732039734 36
489125156 27
735840578 36
76321981 27
993510626 31
704654077 30
116779809 26
764191708 36
198052550 26
892598594 35
510998694 35
27861569 22
390483630 34
612184664 27
134903484 27
897325947 30
978309769 37
953793876 36
283693252 41
165359839 32
132495339 47
259448466 34
48299462 26
405173924 36
368156650 34
987148011 31
193738398 39
558119690 31
702894922 23
330238500 31
25156653 30
191454294 38
74725737 39
181689931 43
836853775 30
85067880 34
56962985 34
514125792 34
93472013 26
116085426 39
714054793 29
137173753 30
828889071 36
169505038 29
266240429 34
344308760 31
497881251 36
618726788 31
249558033 35
598136760 36
945298562 42
746031569 31
955536269 43
227061426 43
635868510 38
109060848 42
256888405 30
603471831 38
509125600 29
270907052 31
870841761 40
972182685 26
620742495 27
126461174 40
263413930 28
561238822 45
209531681 27
642470525 37
235593851 31
4681159 41
331466807 21
37932699 29
977141921 34
629419637 38
434228740 28
697938976 29
851544363 33
980899551 43
256333220 45
923095520 34
781274421 46
203600632 28
999187053 38
17312504 37
109339644 32
777649239 37
937778607 48
712442467 30
853630000 39
692863997 36
247545062 33
109771747 33
717507830 32
709272531 29
778701004 36
254508039 29
56447599 34
948673326 26
751532185 36
501843873 44
594223388 36
548634892 37
517796584 28
781315962 26
53670073 27
591261193 40
927183264 26
563833674 39
778076397 34
533917191 38
609095607 30
628905895 41
513126153 38
239694844 33
60476736 44
128128805 37
914778103 23
673724675 33
529943898 33
966397099 27
487932862 31
659183667 28
880094680 37
185028409 40
764751822 23
613026409 37
197246071 32
654777454 38
709420866 31
195594322 39
301262569 32
384539343 30
310058898 38
104080371 29
108553325 26
837532460 41
614400007 31
884578525 27
373888785 32
337848907 28
766147402 29
85451708 32
605670624 30
107945474 37
898919653 32
469095164 31
798736685 36
314106497 31
520473450 45
568944684 47
425236983 33
40549039 33
517748392 40
247531465 40
317818140 35
726297827 35
884880270 38
660067356 36
293274879 32
128859773 48
780831046 38
618386217 44
305105389 26
106652468 37
619729662 23
581660214 34
412500974 31
84764408 31
540926782 31
214793901 33
403303875 26
309804498 38
188928064 36
666991578 29
355694816 32
66609718 33
231642702 33
878281935 29
124896929 27
608647420 29
663673036 40
64323304 35
595164713 21
52037996 35
797563405 28
100490609 32
948107966 36
255793230 44
40364476 36
299193590 39
272460619 38
666372006 26
863655720 39
855246187 31
572357289 41
207458834 38
954211060 31
623529624 32
839285776 24
248042081 24
95905491 25
599025392 33
805088232 36
725273135 36
63596220 27
45869569 29
861860110 33
21981440 28
198186608 27
621228028 27
14911904 35
232833893 36
80019761 26
230557408 30
801345809 31
129227652 27
254789261 24
385168139 38
301587758 41
131992759 34
118180291 28
104031338 28
301066055 36
171344810 45
563920216 36
723738229 42
607089006 31
830216046 40
212621545 33
807187588 25
371299332 38
533310826 37
586915891 36
306216893 30
70181475 40
12395648 41
228213837 33
736999913 25
833737671 23
85971214 48
752538220 42
165129936 38
423183347 36
217184280 41
363105101 35
35126135 33
643127459 26
424068279 33
659081866 26
651389983 34
601761424 37
353244628 29
726703801 41
159493981 33
178856316 31
647965065 39
198812365 34
415707567 32
700667424 25
754352645 33
156967334 37
111070145 23
625391639 31
111463789 30
152205637 40
336334078 38
699565074 40
263766925 36
903718604 20
742394283 27
882203101 38
392086065 24
36734425 41
757468735 28
67195389 36
216220927 30
70612496 34
502331886 30
341115692 45
533633527 35
7720708 40
466958080 31
391379482 27
568003262 39
776307640 30
89321128 43
174415009 33
322840510 34
662634698 42
633383203 26
269014509 29
671829304 29
9520837 25
148428227 35
655521539 38
410903133 40
174425665 37
807749547 30
33583198 30
371602757 33
844303817 32
879752464 29
224814677 40
494830204 36
159601644 37
638760595 36
275731642 44
671024883 35
430422263 40
501925597 37
680770430 37
631776980 24
449838881 35
153391538 27
845585503 34
274055164 38
271390903 20
594795659 38
240551666 28
568768653 26
704442303 21
147539962 34
730238681 49
648472481 38
333728187 28
305169750 34
519476525 27
19311312 30
129139785 53
149753901 28
273263676 34
398934922 34
301503197 36
296924094 34
205404148 29
631927075 39
55576989 39
443965695 26
700411311 46
917586322 36
291941139 23
882262985 30
64931229 35
502868036 29
347415619 29
174832668 28
961926620 25
442017319 34
117394732 33
80550146 35
261721642 26
76555755 33
601562107 31
46899414 32
243836683 37
352841406 29
423231877 32
938457423 31
674714709 41
905957546 43
440233445 32
729488806 27
416854387 34
594534650 30
698444209 27
830039478 33
24287800 23
548306004 38
926191331 28
110033543 43
6815954 36
669178183 41
137519510 34
413450256 24
833782570 21
165659061 29
220083287 30
464508063 35
756434628 35
85795152 43
17325802 43
379605106 28
7055400 32
746352942 40
62298631 24
70891996 33
147418801 38
269992349 41
808618083 27
890505456 37
308908647 42
271114057 32
71537627 25
273530596 30
526336496 36
286128590 26
288314718 35
837643326 39
214638325 37
983654928 34
817894677 40
501691099 36
729329085 36
863529374 33
29962350 26
291763177 40
313187415 32
404300844 32
481451603 46
614045392 33
257989040 40
949795467 45
344303858 42
23801281 30
65171952 36
394409131 31
238394556 49
893044917 38
744849074 43
247994763 33
271384545 43
172100041 21
837433929 39
218869641 35
916854595 28
208587762 31
117706429 30
776633171 35
493897659 29
845819445 44
881089035 31
214786152 32
523676784 31
775692491 36
932616396 36
14245436 28
142298599 27
326827110 39
218349980 41
143193430 28
184203748 35
173759035 42
105118257 44
709438017 28
600039208 24
68000308 29
920377068 21
562951943 26
876483475 41
926132337 40
590574097 27
265090253 26
959752440 29
820904975 40
257575035 32
832261856 37
824131487 36
226831658 26
775880485 32
596030500 36
879501702 33
249978325 33
108627883 45
1308380 27
461293519 31
662041040 39
655415686 41
537256566 35
650418976 39
489110272 23
923587418 32
698085373 40
674360353 31
365583026 31
216376640 30
935253068 44
886689685 24
93967735 30
541742929 45
202259637 29
962115329 39
914253113 33
410004964 30
870835244 31
568493680 35
169427694 36
955613199 33
528102478 33
120861250 34
355046005 36
586017960 45
475516798 30
755724005 39
932706429 42
596743729 31
141433674 40
170915453 27
544243299 35
761472525 45
81258079 32
476306409 37
76271671 34
801130896 27
