3
8
111 85 207 83 250 28 234 86 110 0 74 100 33 32 254 39 160 51 17 170 69 211 156 236 55 52 67 134 117 216 149 213 224 3 200 135 209 222 12 2 76 196 57 195 253 109 197 34 73 189 241 141 185 140 45 20 145 223 38 215 88 158 229 29 201 165 171 235 166 226 219 181 130 84 40 70 220 148 182 204 159 107 93 6 123 78 1 54 239 46 113 252 227 251 22 240 16 37 25 31 164 176 231 105 106 63 75 21 126 4 146 157 173 131 154 246 47 188 206 208 186 90 48 132 247 175 136 238 58 15 64 77 56 249 44 243 89 184 177 198 150 180 199 14 255 242 91 127 35 68 82 98 225 129 8 245 142 65 133 124 137 27 97 92 232 103 13 178 194 183 102 228 155 125 114 41 120 217 147 163 172 53 81 167 119 139 99 72 128 26 210 193 61 118 153 59 221 11 187 212 214 62 205 5 19 162 144 95 192 138 237 151 218 230 101 112 94 42 161 43 248 174 143 190 50 244 66 116 87 203 96 152 10 168 71 24 36 115 60 121 122 7 23 104 233 169 9 191 30 202 108 80 79 179 18 49
64 200 168 237 247 209 42 105 147 194 13 140 236 37 45 28 127 22 111 99 152 134 123 122 195 219 212 248 138 211 155 206 21 7 110 182 234 119 210 128 221 19 170 26 114 229 97 176 77 217 141 145 89 18 100 83 33 90 223 130 201 198 34 74 85 6 231 150 157 129 47 125 174 187 139 193 164 177 93 72 191 204 213 224 215 225 160 92 107 36 67 135 216 38 230 245 251 32 102 71 78 184 143 246 197 126 27 186 76 95 104 172 82 142 109 53 80 250 41 178 131 232 202 1 154 137 73 113 68 255 203 235 183 162 220 96 86 165 116 228 59 189 239 205 81 54 69 115 106 48 190 60 112 66 52 63 238 24 0 175 57 243 167 148 161 2 17 158 29 222 51 4 20 84 75 132 39 188 196 46 252 151 253 171 10 12 35 199 15 56 149 240 23 156 65 70 62 169 16 49 208 103 173 25 124 133 61 227 43 214 87 153 163 44 88 55 241 136 117 98 180 5 146 121 14 108 40 192 8 30 166 79 179 91 242 3 144 11 50 185 244 226 94 181 118 207 101 249 120 218 159 254 31 233 9 58
8
234 0 177 164 175 103 4 132 50 5 251 30 153 204 100 241 191 180 231 99 104 37 130 69 77 176 155 250 156 248 56 192 34 210 244 18 80 117 188 218 113 212 183 206 134 161 81 207 247 63 109 17 41 124 59 243 35 14 199 42 200 186 119 147 139 168 166 223 198 226 122 115 240 242 187 91 230 165 114 136 197 140 150 215 105 98 146 121 12 178 11 45 76 238 26 185 79 52 135 108 144 237 196 216 15 40 60 213 148 107 8 94 170 68 174 235 64 31 24 70 138 211 228 13 73 57 110 236 33 112 224 29 47 2 74 214 208 142 6 21 229 126 106 254 194 157 201 152 20 75 239 252 233 95 93 245 131 118 133 205 28 154 255 36 220 82 58 102 141 190 120 217 116 123 182 127 16 227 86 46 44 90 253 172 184 19 179 225 32 128 167 9 49 66 221 137 193 25 27 87 54 149 209 55 92 249 181 23 151 101 38 125 67 51 232 71 78 53 159 162 173 84 222 22 3 61 129 39 89 62 160 163 72 145 48 65 195 7 219 158 111 88 203 143 189 171 202 10 43 1 85 96 97 246 169 83
54 1 79 117 206 219 149 185 255 242 226 40 249 73 7 98 84 144 47 113 208 231 142 66 102 14 4 158 93 240 23 199 195 57 209 34 184 237 161 233 94 49 169 179 127 243 188 83 87 254 27 101 109 132 123 239 99 124 55 120 223 200 86 151 111 48 248 159 29 36 30 72 147 16 145 235 213 222 168 32 251 100 170 172 191 205 38 198 143 81 45 13 77 8 20 183 58 42 106 53 164 157 91 71 2 59 88 121 114 12 155 152 22 21 176 37 61 65 62 190 25 63 67 96 35 193 141 189 115 148 135 166 137 211 203 139 201 76 131 103 119 146 56 197 194 192 107 78 85 105 165 196 204 238 6 133 129 46 187 108 116 52 110 180 232 95 9 215 39 171 26 241 90 92 140 104 136 173 236 227 160 75 178 28 212 74 224 177 218 207 70 229 0 128 175 138 182 245 130 174 11 18 19 230 31 64 228 24 112 186 41 252 214 60 122 247 134 5 125 10 44 225 82 244 167 221 97 15 217 210 80 3 250 69 163 216 118 89 154 246 17 153 126 253 162 234 150 33 220 43 156 51 68 50 202 181
8
163 252 197 2 102 199 142 8 186 150 149 222 181 196 175 77 176 138 54 28 59 145 245 132 39 0 210 216 206 109 232 71 208 82 30 38 171 172 29 205 253 45 168 99 180 254 79 147 133 25 40 37 207 86 135 143 173 119 165 32 97 110 136 85 4 236 70 93 229 230 117 226 214 183 124 31 67 218 115 166 58 137 95 112 174 24 128 131 36 68 80 127 21 120 129 202 12 15 251 225 100 121 96 14 201 108 72 89 94 243 224 118 213 152 103 212 90 156 141 157 27 111 55 122 227 81 161 234 75 146 92 153 250 219 34 22 26 7 43 76 177 164 215 151 5 66 228 235 203 53 178 179 188 126 242 116 144 158 50 33 159 88 84 17 239 211 193 123 48 57 73 249 169 200 238 18 63 125 1 184 101 41 83 194 49 10 9 52 91 78 104 204 246 47 148 87 217 182 35 19 154 170 107 64 221 220 60 233 20 240 167 42 98 44 65 244 56 62 160 134 61 195 190 46 106 74 69 237 231 11 185 51 130 6 198 162 247 155 13 187 114 209 113 255 105 3 248 189 140 16 23 192 241 139 223 191
150 192 123 187 234 164 88 80 70 41 112 208 124 30 33 229 251 132 160 126 169 28 177 191 221 7 207 5 119 211 59 76 173 71 203 75 83 178 87 248 94 40 107 194 113 137 139 199 147 110 136 65 17 6 200 172 152 205 134 121 60 3 228 104 158 224 245 212 22 82 195 72 85 166 242 47 182 81 202 241 227 201 156 64 48 254 190 209 230 125 188 97 243 46 20 69 63 144 231 91 216 102 35 106 34 32 96 237 197 180 171 92 101 223 24 198 127 39 175 99 250 31 25 62 217 249 186 145 26 44 196 214 176 210 36 58 219 108 168 111 253 193 74 53 167 49 129 142 50 225 79 154 51 130 114 235 23 61 141 161 89 43 162 179 148 153 222 9 116 29 255 246 247 66 140 103 181 2 52 12 13 19 118 10 4 165 220 157 143 18 0 14 146 252 135 16 120 11 8 98 56 78 163 183 170 155 149 100 133 42 174 184 159 204 109 86 128 236 15 239 189 233 57 21 115 68 240 105 238 73 45 232 117 1 185 131 37 27 138 213 151 244 206 54 218 93 67 90 95 38 77 84 226 122 55 215
