3
8
178 168 170 116 52 110 75 56 136 11 159 58 227 30 45 50 251 243 191 104 133 81 85 70 204 219 90 158 38 218 194 138 80 12 91 253 197 212 201 109 97 192 39 179 18 209 241 29 230 9 207 130 184 242 214 254 107 128 166 4 139 171 2 76 23 49 205 123 143 246 154 106 19 126 120 0 114 34 82 188 78 57 17 244 215 46 216 102 151 235 145 203 232 141 181 240 103 36 236 92 255 177 35 153 37 124 118 149 95 224 41 25 183 185 59 176 61 238 252 146 245 175 68 155 33 54 156 99 208 129 221 222 119 51 127 202 94 20 173 67 200 8 223 140 65 226 131 231 83 84 66 63 87 88 21 62 26 13 16 157 113 172 79 233 150 43 74 186 249 32 73 24 44 121 42 199 160 108 239 15 165 55 112 182 69 247 195 228 211 164 134 89 122 3 189 220 190 169 22 162 237 5 101 196 132 250 64 105 234 31 98 161 47 60 96 180 167 115 111 144 210 213 225 14 198 142 229 27 40 152 163 28 117 93 7 77 187 53 71 148 174 135 217 206 137 72 48 6 147 100 1 10 86 248 193 125
99 89 254 149 88 253 157 17 188 97 147 128 61 116 57 22 191 185 77 92 129 59 103 209 168 228 248 222 81 31 86 114 48 176 127 161 95 143 63 192 166 163 162 23 135 237 231 200 14 194 247 45 122 6 96 170 217 211 3 249 74 20 154 225 177 120 126 150 119 38 160 28 145 144 241 35 37 125 218 172 234 52 226 50 245 141 56 11 0 65 82 13 90 115 174 208 212 16 146 84 54 19 179 42 196 134 47 118 49 205 64 182 201 133 190 94 215 79 51 108 164 224 246 39 66 220 193 204 62 153 105 121 142 151 148 221 178 101 70 73 230 98 203 136 132 233 239 195 232 58 250 24 43 243 32 9 197 40 124 106 167 207 123 183 171 7 100 69 238 109 158 159 21 107 75 189 117 227 152 137 110 112 2 235 5 140 44 72 244 111 156 8 53 202 180 199 113 83 251 175 130 18 216 213 210 27 80 76 138 85 187 214 71 240 1 198 15 26 12 165 252 155 78 25 36 10 55 223 46 41 139 87 33 93 60 29 67 131 4 169 173 219 186 91 30 34 102 236 242 206 255 181 68 229 104 184
8
174 106 167 194 131 107 145 117 186 181 168 225 0 8 66 49 193 88 218 112 248 57 212 12 189 1 125 65 224 249 240 192 9 52 2 97 80 206 199 29 243 197 139 159 38 173 195 98 165 44 26 13 238 182 81 71 234 37 232 151 62 247 176 32 213 228 19 34 138 250 64 134 85 95 48 142 177 67 87 28 103 18 31 21 129 35 41 211 82 39 90 6 113 108 11 102 104 204 110 111 70 205 222 254 79 55 215 172 54 244 141 170 148 75 180 155 233 93 163 143 171 162 242 83 128 178 133 68 42 23 137 252 101 227 184 149 253 24 220 158 58 63 156 209 114 185 120 217 94 132 122 4 241 251 118 169 216 46 152 3 150 105 36 210 91 179 239 10 100 92 183 223 123 115 17 219 202 89 166 33 27 230 235 154 40 201 200 203 187 96 191 73 157 72 59 175 20 7 51 136 237 56 245 198 126 5 160 124 74 135 221 53 109 188 208 147 50 164 190 77 236 144 255 14 214 86 119 116 69 30 60 161 25 130 76 61 246 229 153 15 140 146 127 78 84 99 22 196 47 207 121 43 45 226 231 16
205 77 127 209 99 88 94 153 203 121 100 246 111 56 207 151 145 152 75 42 83 223 39 251 141 22 23 102 20 129 47 159 218 254 230 79 95 160 31 5 206 119 33 137 126 81 162 197 216 90 122 101 40 236 24 235 199 232 97 136 185 176 67 59 2 167 118 253 52 82 18 244 138 91 182 64 62 250 8 41 193 149 7 144 74 172 108 247 123 30 249 131 73 34 92 71 80 142 69 3 44 32 194 93 188 241 65 14 164 187 184 87 128 178 96 239 245 196 183 173 222 46 231 190 10 140 27 186 26 157 171 89 115 63 11 225 191 130 189 134 37 158 57 175 86 180 124 135 55 1 133 229 192 202 105 43 78 148 252 70 234 120 155 255 156 16 177 45 201 76 174 49 38 25 219 238 6 85 170 21 109 165 117 227 179 107 195 233 113 50 217 211 168 125 51 106 220 12 132 17 163 161 29 0 114 166 104 147 154 103 35 146 54 48 204 36 221 61 228 112 212 13 53 66 60 198 214 169 4 213 208 243 150 240 224 248 72 15 143 84 116 98 215 237 181 200 139 210 110 226 58 242 28 19 68 9
8
189 76 238 249 121 228 42 229 44 66 87 235 60 112 159 191 123 35 3 176 0 19 20 207 10 161 36 216 113 64 114 40 134 173 27 188 25 89 255 54 147 167 84 132 101 236 210 141 177 67 183 243 109 50 74 53 214 91 99 1 68 184 83 244 82 120 241 169 194 136 72 237 21 234 124 143 232 186 97 198 192 122 162 172 117 145 62 138 190 178 56 209 116 168 155 30 14 6 9 166 225 15 218 94 102 115 31 193 152 63 75 13 246 242 93 252 187 222 49 125 139 2 111 126 11 170 179 86 203 130 185 227 95 195 165 43 197 129 81 149 22 85 17 73 133 245 158 251 247 204 118 217 96 78 79 5 250 104 254 46 202 28 205 127 45 29 201 92 175 70 200 131 154 150 137 119 240 80 206 253 239 37 103 24 156 32 231 51 213 164 182 88 248 196 52 224 12 163 16 98 140 171 55 71 230 23 174 18 61 57 160 148 4 233 38 153 107 157 90 48 69 221 8 39 34 100 41 58 65 108 128 142 199 226 208 47 59 151 105 215 146 135 219 212 106 77 223 33 211 220 180 110 7 26 181 144
147 9 189 131 164 194 149 99 13 213 153 74 57 211 151 105 58 108 245 168 63 187 180 165 49 29 78 54 77 160 47 237 117 90 107 229 239 20 48 116 176 219 112 174 88 224 111 82 80 159 195 221 246 251 182 7 200 142 72 193 23 56 55 27 113 51 40 198 124 222 139 94 220 208 225 191 163 226 70 167 201 130 8 145 255 154 65 169 32 250 234 216 0 236 203 136 31 98 25 42 137 22 114 133 162 205 172 158 253 69 34 214 248 64 243 247 227 150 17 156 44 84 103 67 66 179 93 121 10 53 19 127 71 170 183 157 143 118 202 177 38 184 212 178 181 132 135 126 204 254 30 35 91 252 146 26 152 2 21 86 46 1 43 6 190 238 199 134 215 235 79 140 81 141 155 87 18 96 242 232 104 11 4 85 241 144 62 217 231 3 41 73 95 123 207 230 240 5 106 75 125 36 128 24 166 206 188 148 97 223 218 197 109 28 76 138 39 186 83 122 33 173 120 115 37 185 244 100 119 161 45 60 228 92 14 249 61 233 16 68 59 50 15 196 101 210 129 12 192 110 209 171 52 89 102 175
